[286, 497, 20, 497, 53, 291, 105]
[27, 405, 19, 405, 405, 405, 75]
[290, 57, 37, 294, 16, 107, 298]
[478, 198, 478, 97, 48, 12, 478]
[17, 444, 444, 35, 444, 444, 444]
[253, 138, 228, 420, 420, 29, 63]
[514, 514, 219, 225, 231, 39, 514]
[466, 466, 466, 44, 466, 466, 51]
[116, 275, 36, 78, 120, 30, 281]
[22, 90, 444, 35, 185, 444, 243]
[10, 149, 37, 65, 28, 300, 300]
[30, 224, 228, 67, 232, 382, 280]
[369, 369, 369, 369, 369, 7, 369]
[132, 41, 88, 138, 306, 306, 306]
[501, 72, 36, 501, 168, 501, 501]
[369, 369, 51, 103, 369, 24, 369]
[446, 34, 446, 446, 446, 446, 446]
[369, 369, 27, 369, 369, 369, 369]
[471, 471, 64, 471, 90, 9, 116]
[20, 50, 42, 445, 445, 445, 94]
[160, 164, 168, 23, 376, 191, 56]
[420, 420, 420, 93, 129, 420, 67]
[406, 406, 406, 406, 46, 406, 406]
[282, 203, 50, 28, 451, 209, 215]
[129, 494, 494, 494, 48, 494, 494]
[43, 185, 55, 191, 23, 360, 360]
[15, 513, 513, 513, 513, 72, 153]
[530, 530, 127, 530, 530, 98, 32]
[27, 434, 80, 434, 434, 434, 434]
[93, 46, 13, 496, 184, 206, 496]
[405, 68, 12, 132, 199, 39, 405]
[381, 381, 35, 201, 381, 110, 381]
[437, 437, 437, 437, 437, 437, 52]
[409, 209, 162, 126, 30, 69, 409]
[28, 87, 102, 308, 232, 238, 244]
[438, 123, 438, 46, 438, 438, 438]
[63, 374, 20, 374, 374, 374, 130]
[262, 529, 45, 529, 114, 266, 529]
[509, 33, 509, 57, 509, 509, 109]
[295, 295, 295, 295, 295, 90, 30]
