[395.0, 400.0, 20.0, 213.0, 53.0, 219.0, 225.0]
[20.0, 456.0, 29.0, 219.0, 223.0, 456.0, 227.0]
[314.0, 105.0, 85.0, 174.0, 16.0, 179.0, 43.0]
[130.0, 236.0, 404.0, 135.0, 48.0, 12.0, 404.0]
[17.0, 454.0, 454.0, 166.0, 170.0, 174.0, 454.0]
[239.0, 330.0, 204.0, 209.0, 214.0, 29.0, 63.0]
[571.0, 327.0, 124.0, 333.0, 129.0, 134.0, 339.0]
[513.0, 230.0, 513.0, 234.0, 238.0, 242.0, 249.0]
[85.0, 149.0, 32.0, 90.0, 153.0, 35.0, 264.0]
[22.0, 333.0, 169.0, 35.0, 175.0, 181.0, 239.0]
[10.0, 180.0, 37.0, 65.0, 28.0, 307.0, 186.0]
[158.0, 318.0, 318.0, 195.0, 33.0, 113.0, 117.0]
[223.0, 226.0, 229.0, 396.0, 232.0, 235.0, 238.0]
[166.0, 217.0, 171.0, 111.0, 380.0, 117.0, 123.0]
[290.0, 134.0, 36.0, 484.0, 295.0, 300.0, 138.0]
[390.0, 158.0, 163.0, 243.0, 248.0, 24.0, 168.0]
[239.0, 243.0, 457.0, 247.0, 251.0, 457.0, 255.0]
[230.0, 234.0, 238.0, 242.0, 393.0, 246.0, 393.0]
[465.0, 465.0, 176.0, 181.0, 100.0, 9.0, 74.0]
[20.0, 50.0, 42.0, 428.0, 428.0, 428.0, 94.0]
[182.0, 98.0, 103.0, 23.0, 390.0, 205.0, 108.0]
[167.0, 172.0, 177.0, 208.0, 244.0, 384.0, 182.0]
[228.0, 232.0, 236.0, 441.0, 240.0, 441.0, 244.0]
[277.0, 108.0, 114.0, 28.0, 446.0, 120.0, 210.0]
[108.0, 113.0, 485.0, 118.0, 275.0, 280.0, 285.0]
[43.0, 82.0, 86.0, 255.0, 23.0, 261.0, 267.0]
[15.0, 170.0, 540.0, 175.0, 540.0, 262.0, 180.0]
[474.0, 348.0, 161.0, 166.0, 171.0, 199.0, 353.0]
[27.0, 228.0, 233.0, 238.0, 441.0, 243.0, 441.0]
[277.0, 46.0, 13.0, 282.0, 98.0, 120.0, 420.0]
[211.0, 43.0, 12.0, 117.0, 217.0, 72.0, 406.0]
[209.0, 215.0, 35.0, 221.0, 227.0, 323.0, 233.0]
[151.0, 440.0, 156.0, 440.0, 161.0, 440.0, 166.0]
[378.0, 166.0, 212.0, 126.0, 30.0, 69.0, 378.0]
[28.0, 87.0, 102.0, 308.0, 232.0, 238.0, 244.0]
[345.0, 349.0, 215.0, 220.0, 225.0, 230.0, 235.0]
[202.0, 337.0, 20.0, 207.0, 212.0, 87.0, 91.0]
[196.0, 200.0, 45.0, 204.0, 336.0, 446.0, 342.0]
[529.0, 33.0, 529.0, 57.0, 529.0, 215.0, 220.0]
[283.0, 283.0, 283.0, 283.0, 283.0, 90.0, 30.0]
