0.0
0.0009996891021728516
0.00099945068359375
0.0009860992431640625
0.0009827613830566406
0.0009992122650146484
0.0009799003601074219
0.0009992122650146484
0.0009844303131103516
0.0
0.0030999183654785156
0.000993490219116211
0.0019986629486083984
0.00099945068359375
0.0
0.0
0.0009999275207519531
0.0009949207305908203
0.0009996891021728516
0.0009801387786865234
0.0009827613830566406
0.0009963512420654297
0.0
0.001071929931640625
0.0009827613830566406
0.0
0.0
0.0009984970092773438
0.0009996891021728516
0.0010182857513427734
0.0009980201721191406
0.0009989738464355469
0.0010001659393310547
0.0
0.0
0.0029990673065185547
0.0
0.0010001659393310547
0.0005078315734863281
0.0009942054748535156
