94.74023246765137
82.28495407104492
93.42041015625
50.853779792785645
89.78611254692078
124.16580772399902
47.815110206604004
19.73108220100403
93.06710410118103
69.03308582305908
62.71596169471741
99.82636547088623
15.519619226455688
52.65119123458862
100.09339642524719
65.006596326828
2.185006856918335
52.70165300369263
46.7112193107605
55.24913144111633
84.28989911079407
56.08745861053467
13.483173608779907
63.221062421798706
46.76363706588745
47.89477181434631
73.42864298820496
84.62790942192078
84.38549041748047
87.6394453048706
116.98127555847168
77.47293615341187
14.914183855056763
102.49349975585938
77.2868595123291
135.71485543251038
196.8738498687744
52.27861261367798
60.031381607055664
42.54731011390686
