E6;38.039657;-84.498313;62; 43.05141639709473; 46.30638360977173; 3.254967212677002; 108.14673913043478; 227.05408597566267; 8; 250; 5; Mon Jan 29 16:53:55 2024
D6;38.040298;-84.499164;186; 43.02515959739685; 56.91765260696411; 13.89249300956726; 126.03846153846153; 227.19264940487093; 8; 250; 5; Mon Jan 29 16:59:45 2024
D5;38.040027;-84.499986;0; 32.61878156661987; 32.61878156661987; 0; 104.78021978021978; 299.6739770930977; 8; 250; 5; Mon Jan 29 17:20:34 2024
C5;38.040256;-84.500662;0; 32.61952471733093; 32.61952471733093; 0; 108.15934065934066; 299.6671498038869; 8; 250; 5; Mon Jan 29 17:24:26 2024
C6;38.041189;-84.499506;0; 32.59463334083557; 32.60415077209473; 0; 125.81868131868131; 299.89599507945917; 8; 250; 5; Mon Jan 29 17:55:57 2024
Z9;38.038819;-84.498387;0; 32.62851524353027; 32.62851524353027; 0; 79.20879120879121; 299.5845789194539; 8; 250; 5; Tue Jan 30 10:58:44 2024
F5;38.038416;-84.498915;0; 32.61409568786621; 32.61409568786621; 0; 93.36263736263736; 299.7170331979097; 8; 250; 5; Tue Jan 30 11:07:30 2024
Z9;38.03883;-84.498527;0; 32.61163592338562; 32.61163592338562; 0; 60.84615384615385; 299.7396396477738; 8; 250; 5; Tue Jan 30 11:28:21 2024
F4;38.03792;-84.499398;62; 43.055988073349; 46.306278228759766; 3.2502901554107666; 108.34239130434783; 227.02997741795122; 8; 250; 5; Tue Jan 30 11:33:37 2024
E4;38.038345;-84.499741;62; 43.0943169593811; 65.73019456863403; 22.63587760925293; 109.60109289617486; 226.82805273868257; 8; 250; 5; Tue Jan 30 11:36:18 2024
E3;38.037982;-84.500799;124; 43.05535960197449; 46.71738934516907; 3.66202974319458; 113.72677595628416; 227.03329133387905; 8; 250; 5; Tue Jan 30 11:40:47 2024
F3;38.037296;-84.500235;0; 32.6159131526947; 32.6159131526947; 0; 111.46153846153847; 299.70033198939876; 8; 250; 5; Tue Jan 30 11:44:36 2024
F3;38.037234;-84.500299;434; 43.12810134887695; 48.85946464538574; 5.731363296508789; 123.38418079096046; 226.65036702930442; 8; 250; 5; Tue Jan 30 11:47:42 2024
F2;38.036341;-84.500802;62; 43.050007820129395; 56.32723879814148; 13.277230978012085; 121.95027624309392; 227.06151508361373; 8; 250; 5; Tue Jan 30 12:06:17 2024
G2;38.036109;-84.50038;372; 43.051615476608276; 48.36503505706787; 5.313419580459595; 121.64245810055866; 227.05303603092807; 8; 250; 5; Tue Jan 30 12:08:18 2024
F2;38.036501;-84.500867;1302; 43.04312348365784; 50.02191710472107; 6.978793621063232; 126.38414634146342; 227.0978314041561; 8; 250; 5; Tue Jan 30 12:12:11 2024
F2;38.036455;-84.500845;1922; 43.671910524368286; 59.76947212219238; 16.097561597824097; 126.54347826086956; 223.82808268820054; 8; 250; 5; Tue Jan 30 12:14:04 2024
Z9;38.038938;-84.498485;62; 43.05214214324951; 46.32157850265503; 3.2694363594055176; 66.13586956521739; 227.05025843952575; 8; 250; 5; Tue Jan 30 15:19:05 2024
E2;38.037316;-84.501669;Error has occured; Tue Jan 30 15:34:03 2024
D2;38.037869;-84.50253;310; 43.04238319396973; 47.9611382484436; 4.918755054473877; 122.52808988764045; 227.10173727948887; 8; 250; 5; Tue Jan 30 15:40:08 2024
D2;38.037896;-84.502584;186; 43.041484117507935; 47.12897753715515; 4.087493419647217; 116.53846153846153; 227.1064811174537; 8; 250; 5; Tue Jan 30 15:42:10 2024
D3;38.038537;-84.501688;0; 32.802613496780396; 32.802613496780396; 0; 116.34065934065934; 297.99454854289047; 8; 250; 5; Tue Jan 30 15:44:52 2024
D3;38.038557;-84.501658;186; 43.0476336479187; 47.13154458999634; 4.083910942077637; 116.68681318681318; 227.07403802839715; 8; 250; 5; Tue Jan 30 15:47:22 2024
C3;38.038775;-84.502476;124; 43.03892111778259; 46.70505952835083; 3.6661384105682373; 122.89071038251366; 227.12000547711725; 8; 250; 5; Tue Jan 30 15:50:42 2024
C3;38.038672;-84.502292;1922; 43.031378984451294; 61.89144015312195; 18.860061168670654; 125.44444444444444; 227.1598129247041; 8; 250; 5; Tue Jan 30 15:53:04 2024
C2;38.038261;-84.503018;1488; 43.038262128829956; 50.6459801197052; 7.607717990875244; 125.58490566037736; 227.12348307047557; 8; 250; 5; Tue Jan 30 15:55:48 2024
B2;38.038362;-84.503174;372; 43.04111313819885; 58.1669602394104; 15.125847101211548; 125.74860335195531; 227.10843859018874; 8; 250; 5; Tue Jan 30 15:57:44 2024
B2;38.039158;-84.503725;Error has occured; Tue Jan 30 16:04:30 2024
B2;38.039034;-84.503853;Error has occured; Tue Jan 30 16:07:00 2024
C1;38.03766;-84.504161;434; 43.05997824668884; 65.6972644329071; 22.63728618621826; 127.18079096045197; 227.00893957724332; 8; 250; 5; Tue Jan 30 16:11:25 2024
C1;38.037726;-84.504153;868; 43.06112861633301; 65.90291404724121; 22.841785430908203; 127.21084337349397; 227.00287507774146; 8; 250; 5; Tue Jan 30 16:13:37 2024
C1;38.037726;-84.504153;744; 43.05182909965515; 65.92057585716248; 22.868746757507324; 126.50898203592814; 227.05190939444427; 8; 250; 5; Tue Jan 30 16:17:23 2024
D1;38.037309;-84.503331;124; 43.054034948349; 56.75814914703369; 13.704114198684692; 123.6978021978022; 227.04027652058298; 8; 250; 5; Tue Jan 30 16:21:04 2024
D1;38.037289;-84.503362;372; 43.47911071777344; 66.1070704460144; 22.627959728240967; 124.15642458100558; 224.82060554205782; 8; 250; 5; Tue Jan 30 16:22:58 2024
E1;38.036656;-84.502622;496; 43.05194449424744; 49.1987521648407; 6.146807670593262; 125.50568181818181; 227.05130081420893; 8; 250; 5; Tue Jan 30 16:27:06 2024
F1;38.036158;-84.501895;62; 43.03242778778076; 46.28749394416809; 3.2544476985931396; 114.93989071038251; 227.15427649600687; 8; 250; 5; Tue Jan 30 16:36:55 2024
F1;38.036103;-84.501761;0; 32.62499284744263; 32.62499284744263; 0; 114.45054945054945; 299.61692392420656; 8; 250; 5; Tue Jan 30 16:38:13 2024
Z9;38.039017;-84.498363;62; 43.19503831863403; 46.445786237716675; 3.2507479190826416; 73.53260869565217; 226.2991394496144; 8; 250; 5; Wed Jan 31 11:34:46 2024
Z9;38.035978;-84.501579;3100; 43.04029703140259; 66.70865559577942; 23.66835856437683; 125.00751879699249; 227.11274489737076; 8; 250; 5; Wed Jan 31 11:45:15 2024
G1;38.035153;-84.500638;2046; 43.04849314689636; 55.48420453071594; 12.43571138381958; 126.05333333333333; 227.06950430632534; 8; 250; 5; Wed Jan 31 11:50:18 2024
G1;38.035181;-84.500719;4154; 43.05343270301819; 73.51826500892639; 30.464832305908203; 124.74107142857143; 227.04345243334663; 8; 250; 5; Wed Jan 31 11:52:30 2024
G1;38.035159;-84.500722;Error has occured; Wed Jan 31 11:48:08 2024
H1;38.034491;-84.500099;Error has occured; Wed Jan 31 11:55:20 2024
H1;38.034517;-84.500152;Error has occured; Wed Jan 31 11:56:35 2024
L1;38.034104;-84.499386;Error has occured; Wed Jan 31 11:59:21 2024
H2;38.035355;-84.499205;2542; 43.25121760368347; 58.78763008117676; 15.536412477493286; 123.6590909090909; 226.00519804019382; 8; 250; 5; Wed Jan 31 12:06:48 2024
H2;38.035291;-84.499241;Error has occured; Wed Jan 31 12:09:19 2024
G4;38.036984;-84.498753;H3;38.035685;-84.498883;Error has occured; Wed Jan 31 12:12:48 2024
G4;38.037076;-84.498798;186; 43.65115714073181; 47.72833442687988; 4.076420068740845; 120.83431952662721; 223.93449888362161; 8; 250; 5; Wed Jan 31 12:21:33 2024
G5;38.037748;-84.498011;124; 43.206042766571045; 46.879491567611694; 3.6734488010406494; 112.47540983606558; 226.24150174574694; 8; 250; 5; Wed Jan 31 12:26:34 2024
G5;38.0377;-84.497961;186; 43.04791474342346; 47.120357513427734; 4.0724427700042725; 117.05524861878453; 227.07255527384984; 8; 250; 5; Wed Jan 31 12:28:41 2024
Z9;38.038907;-84.498377;0; 32.68008375167847; 32.68008375167847; 0; 73.25414364640883; 299.1118405410436; 8; 250; 5; Wed Jan 31 14:40:35 2024
F6;38.039087;-84.497819;124; 43.038493633270264; 46.70004224777222; 3.661548614501953; 100.17032967032966; 227.12226137123866; 8; 250; 5; Wed Jan 31 15:01:01 2024
F6;38.039067;-84.49785;0; 32.62710976600647; 32.62710976600647; 0; 100.38461538461539; 299.59748411991967; 8; 250; 5; Wed Jan 31 15:02:55 2024
G7;38.038676;-84.496208;744; 43.02223443984985; 51.01239228248596; 7.990157842636108; 118.62941176470588; 227.20809663353492; 8; 250; 5; Wed Jan 31 15:07:24 2024
G7;38.038698;-84.496205;496; 43.04470610618591; 49.184252977371216; 6.139546871185303; 125.4367816091954; 227.08948170969725; 8; 250; 5; Wed Jan 31 15:09:40 2024
G6;38.038314;-84.496985;124; 43.11157250404358; 46.78736925125122; 3.6757967472076416; 117.13812154696133; 226.73726408572014; 8; 250; 5; Wed Jan 31 15:12:00 2024
G6;38.038393;-84.496862;310; 43.0456748008728; 47.94253706932068; 4.896862268447876; 115.52777777777777; 227.08437131532202; 8; 250; 5; Wed Jan 31 15:13:47 2024
H7;38.038215;-84.495392;124; 43.04583215713501; 56.71806573867798; 13.672233581542969; 120.18681318681318; 227.08354119667672; 8; 250; 5; Wed Jan 31 15:17:35 2024
H7;38.038217;-84.495419;1302; 43.04898476600647; 66.0810616016388; 23.032076835632324; 125.18518518518519; 227.06691117414704; 8; 250; 5; Wed Jan 31 15:24:46 2024
H6;38.037622;-84.496055;5270; 43.14646553993225; 97.19829535484314; 54.05182981491089; 121.09375; 226.55389908944437; 8; 250; 5; Wed Jan 31 15:27:54 2024
H6;38.037688;-84.496047;620; 43.044575929641724; 50.426525592803955; 7.3819496631622314; 124.9940119760479; 227.0901684797098; 8; 250; 5; Wed Jan 31 15:29:59 2024
H6;38.037776;-84.496037;Error has occured; Wed Jan 31 15:32:01 2024
H5;38.037192;-84.496812;3162; 43.05974221229553; 77.818284034729; 34.75854182243347; 122.22137404580153; 227.01018393948465; 8; 250; 5; Wed Jan 31 15:37:38 2024
H5;38.037152;-84.496873;744; 43.26374650001526; 51.051894187927246; 7.788147687911987; 121.7202380952381; 225.93974842184673; 8; 250; 5; Wed Jan 31 15:39:24 2024
H5;38.037053;-84.497026;682; 43.04076838493347; 50.62456750869751; 7.583799123764038; 122.20809248554913; 227.11025771142513; 8; 250; 5; Wed Jan 31 15:41:02 2024
H4;38.036768;-84.497371;930; 43.04784560203552; 48.785019874572754; 5.7371742725372314; 125.15384615384616; 227.07291998691306; 8; 250; 5; Wed Jan 31 15:43:30 2024
H4;38.036748;-84.497401;496; 43.05050754547119; 58.996532678604126; 15.946025133132935; 124.47428571428571; 227.05887937965335; 8; 250; 5; Wed Jan 31 15:45:15 2024
I3;38.035265;-84.497724;Error has occured; Wed Jan 31 15:50:23 2024
I3;38.035245;-84.497754;Error has occured; Wed Jan 31 15:53:32 2024
I4;38.035885;-84.496831;3844; 43.05270528793335; 67.1177031993866; 24.064997911453247; 124.39495798319328; 227.04728854146362; 8; 250; 5; Wed Jan 31 15:58:18 2024
I4;38.035882;-84.496803;434; 43.04750037193298; 58.99693822860718; 15.949437856674194; 126.32768361581921; 227.07474105449595; 8; 250; 5; Wed Jan 31 16:00:16 2024
I4;38.035891;-84.496915;1178; 43.03912878036499; 66.06829833984375; 23.02916955947876; 125.7090909090909; 227.118909629497; 8; 250; 5; Wed Jan 31 16:02:13 2024
I5;38.036407;-84.49612;Error has occured; Wed Jan 31 16:07:56 2024
I6;38.037095;-84.495247;Error has occured; Wed Jan 31 16:12:51 2024
I6;38.037093;-84.495219;2418; 43.065776348114014; 66.51335406303406; 23.447577714920044; 123.74452554744525; 226.97837654163357; 8; 250; 5; Wed Jan 31 16:15:32 2024
I6;38.036926;-84.495352;Error has occured; Wed Jan 31 16:17:10 2024
I7;38.037365;-84.494425;Error has occured; Wed Jan 31 16:19:36 2024
I7;38.037175;-84.494252;Error has occured; Wed Jan 31 16:21:18 2024
Z9;38.039081;-84.498327;0; 32.6288857460022; 32.6288857460022; 0; 42.494505494505496; 299.5811771230241; 8; 250; 5; Thu Feb  1 10:50:24 2024
D6;38.039976;-84.498725;186; 43.05070924758911; 57.127644777297974; 14.076935529708862; 114.28571428571429; 227.05781555846053; 8; 250; 5; Thu Feb  1 11:03:37 2024
B5;38.040944;-84.501253;186; 43.04363656044006; 57.13455033302307; 14.090913772583008; 123.82967032967034; 227.0951244157625; 8; 250; 5; Thu Feb  1 11:08:44 2024
B5;38.040912;-84.501117;186; 43.03721880912781; 65.66029810905457; 22.623079299926758; 126.70879120879121; 227.12898905834524; 8; 250; 5; Thu Feb  1 11:16:57 2024
B5;38.040938;-84.50117;62; 43.29856324195862; 65.94559454917908; 22.64703130722046; 125.3913043478261; 225.75806835381326; 8; 250; 5; Thu Feb  1 11:18:51 2024
Z9;38.038955;-84.498427;1364; 43.05390024185181; 55.40172505378723; 12.347824811935425; 121.85802469135803; 227.0409868813215; 8; 250; 5; Fri Feb  2 15:09:02 2024
E7;38.039978;-84.497288;0; 32.621124267578125; 32.621753454208374; 0; 118.66850828729282; 299.65245586937954; 8; 250; 5; Fri Feb  2 15:36:24 2024
E7;38.039976;-84.49726;372; 43.0606791973114; 48.38183665275574; 5.321157455444336; 117.87078651685393; 227.00524427887626; 8; 250; 5; Fri Feb  2 15:38:34 2024
F7;38.039842; -84.496840;0; 32.621124267578125; 32.621753454208374; 0; 115.66850828729282; 299.65245586937954; 8; 250; 5; Fri Feb  2 15:39:24 2024
F7;38.039797; -84.497022;372; 43.0606791973114; 48.38183665275574; 7.321157455444336; 117.87078651685393; 227.00524427887626; 8; 250; 5; Fri Feb  2 15:40:34 2024
D7;38.040492;-84.498211;186; 43.03010678291321; 56.906089305877686; 13.875982522964478; 118.14285714285714; 227.1665289913142; 8; 250; 5; Fri Feb  2 15:41:10 2024
D7;38.040628;-84.498251;124; 43.04872369766235; 65.66481399536133; 22.616090297698975; 121.98360655737704; 227.06828821805013; 8; 250; 5; Fri Feb  2 15:43:56 2024
E8;38.041144;-84.496864;Error has occured; Fri Feb  2 15:47:34 2024
E8;38.041058;-84.496902;Error has occured; Fri Feb  2 15:49:47 2024
E9;38.041686;-84.496122;Error has occured; Fri Feb  2 15:51:34 2024
E9;38.041704;-84.496063;930; 43.04701042175293; 52.32645344734192; 9.27944302558899; 123.82035928143712; 227.07732556173988; 8; 250; 5; Fri Feb  2 15:53:06 2024
E9;38.041596;-84.496104;372; 43.035112619400024; 58.16524362564087; 15.130131006240845; 124.8314606741573; 227.14010502190428; 8; 250; 5; Fri Feb  2 15:54:48 2024
F9;38.040909;-84.495231;434; 43.04132652282715; 48.778523683547974; 5.737197160720825; 125.9367816091954; 227.1073126618388; 8; 250; 5; Fri Feb  2 16:02:18 2024
F9;38.040975;-84.495223;434; 43.04042840003967; 58.58665752410889; 15.546229124069214; 125.7784090909091; 227.11205170046566; 8; 250; 5; Fri Feb  2 16:05:18 2024
Z9;38.04047;-84.495876;6076; 42.839335441589355; 67.70358228683472; 24.86424684524536; 121.36470588235294; 228.17814280354634; 8; 250; 5; Fri Feb  2 16:08:19 2024
F8;38.040404;-84.495884;0; 32.633559226989746; 32.633559226989746; 0; 119.98901098901099; 299.5382738366932; 8; 250; 5; Fri Feb  2 16:09:35 2024
F8;38.040402;-84.495856;0; 32.614068031311035; 32.62179756164551; 0; 118.91208791208791; 299.7172873563501; 8; 250; 5; Fri Feb  2 16:10:57 2024
G8;38.039514;-84.495261;G8;38.03945;-84.495297;Error has occured; Fri Feb  2 16:14:34 2024
G9;38.03989;-84.494088;Error has occured; Fri Feb  2 16:20:22 2024
D7;38.040768;-84.498346;248; 43.044718980789185; 47.53602194786072; 4.491302967071533; 121.56353591160222; 227.08941378761406; 8; 250; 5; Fri Feb  2 16:48:45 2024
D8;38.041539;-84.497689;744; 43.26455640792847; 66.09964942932129; 22.835093021392822; 122.81871345029239; 225.9355188536887; 8; 250; 5; Fri Feb  2 16:55:35 2024
C7;38.041305;-84.498985;Error has occured; Fri Feb  2 17:06:31 2024
C7;38.041373;-84.499004;Error has occured; Fri Feb  2 17:08:00 2024
E5;38.03892;-84.499135;0; 32.56654953956604; 32.56654953956604; 0; 111.34615384615384; 300.15461073406226; 8; 250; 5; Fri Feb  2 18:14:11 2024
E5;38.039101;-84.49917;0; 32.73560452461243; 32.73560452461243; 0; 107.83516483516483; 298.60453600759433; 8; 250; 5; Fri Feb  2 18:15:37 2024
E5;38.039063;-84.499259;0; 32.58748435974121; 32.58748435974121; 0; 104.86813186813187; 299.9617856994233; 8; 250; 5; Fri Feb  2 18:16:52 2024
