101.59500,1.00000,1.00000,288.42889,257.41740,276.34151,128.67391,1.00000,253.87538,291.44475,1.00000,99.92299,1.00000,294.83781,124.27049,207.93641,192.83216,1.00000,179.37250,82.38350
141.47313,1.00000,1.00000,240.90554,271.09360,212.30184,177.06272,1.00000,223.77768,321.72300,1.00000,93.62232,1.00000,293.95717,103.92081,190.64052,228.03779,1.00000,246.65419,111.17145
167.53715,1.00000,1.00000,245.12393,249.86636,218.16573,142.46479,1.00000,214.57945,267.85038,1.00000,137.91819,1.00000,326.18830,115.26667,193.57830,214.02475,1.00000,271.57758,95.27234
166.78916,1.00000,1.00000,278.01619,244.24609,231.85267,131.71217,1.00000,216.02506,289.22182,1.00000,146.47840,1.00000,376.57272,150.53753,178.14432,233.92581,1.00000,284.50774,95.98404
125.47247,1.00000,1.00000,294.51064,253.58078,271.18370,161.56116,1.00000,198.56179,327.08903,1.00000,128.81885,1.00000,307.55640,134.69943,209.28992,166.53737,1.00000,269.43870,101.37139
189.13217,1.00000,1.00000,275.37820,325.16815,196.72476,141.84261,1.00000,160.45877,304.64409,1.00000,125.41032,1.00000,233.97732,146.03605,140.07107,178.34139,1.00000,341.58250,84.23334
106.10321,1.00000,1.00000,279.10073,237.65726,234.40357,134.39708,1.00000,227.58349,277.65868,1.00000,84.80776,1.00000,227.41811,142.66974,191.19240,215.01082,1.00000,256.32709,112.45068
145.85405,1.00000,1.00000,250.73414,245.40223,210.96765,137.21804,1.00000,210.18054,275.33599,1.00000,113.24021,1.00000,314.02583,68.20546,249.39132,247.93312,1.00000,218.71626,94.99108
153.07281,1.00000,1.00000,254.72406,191.18398,219.22323,154.27912,1.00000,193.89850,364.80880,1.00000,110.06728,1.00000,257.99924,148.31812,239.04960,208.08596,1.00000,266.97909,116.18510
122.94540,1.00000,1.00000,198.51448,292.24594,328.94673,149.92653,1.00000,150.69664,263.20078,1.00000,128.75062,1.00000,330.84914,125.96495,256.56227,241.04083,1.00000,261.73171,92.45706
126.19707,1.00000,1.00000,256.83320,255.30203,245.63987,121.33507,1.00000,190.31982,296.61189,1.00000,119.08487,1.00000,249.85451,106.70802,220.15491,214.11522,1.00000,208.76497,109.15226
169.75146,1.00000,1.00000,275.48697,263.11508,275.57693,139.95149,1.00000,168.83764,336.75214,1.00000,129.41316,1.00000,260.55870,96.72846,167.88234,184.30326,1.00000,336.20668,98.42239
118.79274,1.00000,1.00000,252.52845,241.15087,260.42830,188.90159,1.00000,172.82132,260.90528,1.00000,104.21015,1.00000,204.77254,129.07376,203.62373,188.49902,1.00000,301.82438,82.65019
185.33938,1.00000,1.00000,214.51648,266.23311,317.03340,146.05960,1.00000,258.94084,306.20353,1.00000,128.87959,1.00000,252.51641,128.34517,170.73606,230.08661,1.00000,186.50662,98.42683
133.97506,1.00000,1.00000,234.22639,252.06314,197.85372,139.05039,1.00000,190.43655,319.98240,1.00000,109.81014,1.00000,291.94882,159.68083,189.27040,266.36811,1.00000,251.58241,104.18276
131.56631,1.00000,1.00000,236.77615,281.04256,289.18954,124.40235,1.00000,159.98519,284.97752,1.00000,105.06027,1.00000,271.46391,145.27617,184.46385,226.50052,1.00000,197.85805,91.36491
121.43589,1.00000,1.00000,330.56784,254.75690,277.54930,113.34576,1.00000,185.00074,388.96814,1.00000,110.75447,1.00000,288.15950,114.19643,165.42313,216.21414,1.00000,258.63595,131.62311
112.82092,1.00000,1.00000,297.81511,237.11645,196.09024,145.11597,1.00000,175.93835,283.88053,1.00000,100.73413,1.00000,260.38598,84.95847,174.80591,230.58012,1.00000,285.40066,110.72383
148.75654,1.00000,1.00000,270.69387,346.42183,260.10303,148.78906,1.00000,204.08008,219.94774,1.00000,112.97808,1.00000,275.24745,120.59827,219.93097,207.06151,1.00000,246.59756,96.81293
130.74577,1.00000,1.00000,282.49163,238.90437,249.01379,131.49243,1.00000,229.25576,286.62293,1.00000,105.67560,1.00000,211.07791,128.19557,223.91873,217.57611,1.00000,274.39346,86.18548
181.57282,1.00000,1.00000,326.10861,285.20650,271.52269,132.22749,1.00000,183.52217,291.38616,1.00000,112.69166,1.00000,263.48335,117.10000,202.88828,175.93032,1.00000,221.21810,127.70902
156.81803,1.00000,1.00000,246.52653,288.25363,233.06593,174.81395,1.00000,178.23125,269.70811,1.00000,113.63157,1.00000,294.25051,120.40270,235.75659,227.97073,1.00000,221.26227,115.83657
160.91461,1.00000,1.00000,355.88414,277.94964,312.55423,129.10983,1.00000,202.89742,342.03892,1.00000,127.86498,1.00000,280.85967,111.34985,207.63984,211.24043,1.00000,271.83818,124.55946
154.52353,1.00000,1.00000,271.74619,239.33802,263.10526,155.19071,1.00000,250.97856,260.56485,1.00000,114.39211,1.00000,288.28334,117.40468,216.23551,166.28434,1.00000,295.25558,139.03680
183.32951,1.00000,1.00000,273.11760,197.72081,225.77492,145.55986,1.00000,232.05904,331.25618,1.00000,79.71383,1.00000,276.94773,118.78484,165.47982,272.68250,1.00000,278.86989,127.39019
170.32085,1.00000,1.00000,299.23088,272.28950,197.67449,154.19305,1.00000,197.19616,356.51887,1.00000,134.68299,1.00000,268.12772,129.81793,229.62909,185.36300,1.00000,234.51077,104.99690
193.83235,1.00000,1.00000,235.40136,254.38279,281.27151,130.94365,1.00000,224.23818,397.83771,1.00000,139.73204,1.00000,292.87966,67.20919,241.27784,230.57130,1.00000,318.98171,108.92621
142.93865,1.00000,1.00000,273.02181,350.59494,296.98087,134.34891,1.00000,212.24667,352.25638,1.00000,142.10656,1.00000,260.13154,121.82364,206.14810,259.94016,1.00000,237.39185,84.87689
167.95029,1.00000,1.00000,249.65378,214.13526,321.08971,121.55577,1.00000,202.86857,333.26864,1.00000,111.77998,1.00000,264.74173,109.50382,227.83863,239.64257,1.00000,238.71504,146.13445
195.17774,1.00000,1.00000,198.35659,217.44090,291.64501,122.93073,1.00000,193.90473,256.80120,1.00000,100.46868,1.00000,231.77178,105.85055,199.87777,247.78370,1.00000,251.96014,100.10371
125.68971,1.00000,1.00000,270.73326,232.59728,193.44169,148.72865,1.00000,115.71677,303.47705,1.00000,148.63670,1.00000,235.27797,139.12691,232.18829,255.41987,1.00000,260.27744,98.82131
134.69330,1.00000,1.00000,314.64785,226.32775,256.29796,126.41306,1.00000,212.24494,285.50497,1.00000,101.25340,1.00000,315.34800,102.89799,217.60759,202.52960,1.00000,240.92265,111.69131
151.47026,1.00000,1.00000,310.40003,298.61011,294.27397,153.07684,1.00000,249.34499,313.13044,1.00000,108.54767,1.00000,201.92570,105.79781,232.16424,277.69300,1.00000,247.82237,68.40355
174.34975,1.00000,1.00000,268.40616,282.57768,345.11950,144.77185,1.00000,147.51082,208.10283,1.00000,129.95221,1.00000,244.29154,125.00047,190.17333,186.73338,1.00000,219.15059,99.88941
129.96117,1.00000,1.00000,261.82139,289.95727,293.03996,179.73724,1.00000,182.32421,239.75990,1.00000,116.82792,1.00000,306.89410,120.97012,225.87764,203.49955,1.00000,290.49633,84.85005
142.21000,1.00000,1.00000,274.91747,271.78706,251.93534,126.17210,1.00000,198.64398,294.74862,1.00000,107.76457,1.00000,299.81753,140.20274,187.25783,146.83357,1.00000,241.44971,121.09802
156.09556,1.00000,1.00000,235.57858,272.09163,248.32161,139.43890,1.00000,167.95813,295.72260,1.00000,117.37198,1.00000,283.98656,109.81800,228.05345,223.19006,1.00000,269.58612,74.38846
185.07256,1.00000,1.00000,234.81297,196.81624,285.53506,170.54499,1.00000,248.17495,272.03684,1.00000,105.52713,1.00000,319.85678,138.49033,225.76713,171.14604,1.00000,296.27355,112.18170
129.92190,1.00000,1.00000,256.91629,281.94512,286.63891,175.10722,1.00000,196.40419,333.80639,1.00000,112.48344,1.00000,247.28603,129.98567,144.29268,249.76518,1.00000,267.48128,132.12434
161.12630,1.00000,1.00000,276.98427,223.72639,364.42793,168.79602,1.00000,155.65961,227.51831,1.00000,124.26814,1.00000,302.38740,143.01567,173.54591,166.24832,1.00000,230.65874,107.00821
134.20183,1.00000,1.00000,274.59327,227.07928,235.64453,159.96083,1.00000,229.03445,346.91690,1.00000,154.99696,1.00000,260.48410,102.36360,267.94360,277.64920,1.00000,246.91561,108.57686
118.27384,1.00000,1.00000,282.67525,232.61481,249.45777,140.61518,1.00000,191.75355,315.70151,1.00000,136.88775,1.00000,302.25708,90.57018,157.34195,172.56116,1.00000,234.82907,120.43656
155.57327,1.00000,1.00000,259.31108,215.44090,255.86119,138.57645,1.00000,206.02288,331.30190,1.00000,96.15963,1.00000,217.27362,130.71853,203.47368,220.12830,1.00000,287.64740,118.34675
169.67766,1.00000,1.00000,312.24164,237.85545,295.93418,174.25424,1.00000,180.06826,265.17550,1.00000,111.26288,1.00000,290.49636,110.47011,162.56251,189.96103,1.00000,240.22517,106.90943
135.72548,1.00000,1.00000,204.51123,272.33193,224.84833,163.25638,1.00000,182.93969,318.77536,1.00000,124.85922,1.00000,261.94919,117.14061,158.96823,245.83062,1.00000,250.85435,100.78717
164.16129,1.00000,1.00000,224.83519,212.83558,244.14486,141.15099,1.00000,241.95030,284.15389,1.00000,85.66758,1.00000,304.45870,102.93569,158.72938,191.15114,1.00000,222.78032,103.61970
156.62969,1.00000,1.00000,299.17795,285.89141,271.82594,156.52758,1.00000,237.97760,322.61900,1.00000,127.48461,1.00000,220.38862,135.36868,192.09629,207.82584,1.00000,217.03568,113.23835
157.34666,1.00000,1.00000,180.72090,302.62784,303.70498,147.01591,1.00000,204.97103,266.11855,1.00000,90.91026,1.00000,249.88104,158.16236,222.15200,198.13415,1.00000,255.64013,123.65688
140.71563,1.00000,1.00000,298.07968,240.02144,229.88072,147.45435,1.00000,214.20825,286.24209,1.00000,99.42811,1.00000,223.05041,123.43836,193.17125,181.70913,1.00000,258.72627,113.06665
174.50798,1.00000,1.00000,287.61356,260.16670,251.13309,136.83089,1.00000,223.66467,261.87244,1.00000,96.30767,1.00000,239.52195,127.23016,207.49828,206.70661,1.00000,290.94460,107.55518
172.16678,1.00000,1.00000,282.47775,218.01483,277.41102,131.25698,1.00000,180.63029,299.37953,1.00000,80.89378,1.00000,292.01131,104.44266,132.07807,199.76490,1.00000,207.09033,136.99089
151.66735,1.00000,1.00000,248.91050,252.64266,292.17131,144.90416,1.00000,204.80074,358.60199,1.00000,109.30647,1.00000,213.39890,118.57784,210.29505,189.24086,1.00000,215.76573,93.74084
110.33658,1.00000,1.00000,222.62306,207.31426,233.00905,172.08042,1.00000,190.75601,332.03958,1.00000,79.63372,1.00000,223.48730,123.23673,197.40999,233.60241,1.00000,239.46951,99.92379
75.78741,1.00000,1.00000,248.20457,292.68447,290.08594,123.77558,1.00000,163.42655,311.22575,1.00000,125.84040,1.00000,221.41187,98.02720,189.58101,233.23321,1.00000,314.23305,85.43735
125.40257,1.00000,1.00000,182.57940,284.25657,250.67576,152.42089,1.00000,199.90593,277.33035,1.00000,121.44705,1.00000,303.75380,129.47607,201.77676,222.04074,1.00000,212.62970,120.83315
139.00375,1.00000,1.00000,258.52627,310.71027,225.10871,124.31498,1.00000,237.84652,268.10486,1.00000,133.02375,1.00000,254.09505,66.95032,225.23457,174.63386,1.00000,288.12271,107.40278
154.89532,1.00000,1.00000,264.73190,280.37444,269.06260,129.16677,1.00000,211.78375,255.25247,1.00000,106.74397,1.00000,253.10820,108.58109,184.31847,228.43269,1.00000,252.85843,94.96596
164.60094,1.00000,1.00000,279.63028,306.77719,216.39335,134.19653,1.00000,232.61962,179.84915,1.00000,116.68685,1.00000,260.03523,127.62355,239.51319,173.46377,1.00000,247.64646,96.20973
181.37973,1.00000,1.00000,250.32259,240.23820,291.88428,119.87010,1.00000,251.46733,260.04510,1.00000,109.59228,1.00000,201.05054,124.89231,178.46238,213.16388,1.00000,264.68974,85.71476
116.65093,1.00000,1.00000,236.57156,278.47179,290.74640,133.75836,1.00000,215.68607,321.91935,1.00000,108.46663,1.00000,284.52899,135.59156,185.90738,233.72130,1.00000,335.25845,118.54987
158.24596,1.00000,1.00000,269.34797,276.12192,293.11451,152.28688,1.00000,201.96807,322.23248,1.00000,103.38220,1.00000,205.48271,158.19351,173.66293,220.11603,1.00000,259.35742,76.00132
130.36358,1.00000,1.00000,325.02558,246.82451,333.45091,159.12834,1.00000,203.93360,235.99874,1.00000,107.81618,1.00000,241.29309,122.86690,209.69048,221.61521,1.00000,307.70782,113.43588
124.04544,1.00000,1.00000,247.94349,239.66668,312.44763,126.30739,1.00000,149.83265,241.33198,1.00000,102.01795,1.00000,251.47175,111.11560,162.60841,243.45883,1.00000,337.27402,111.85712
135.70457,1.00000,1.00000,346.02332,257.32817,293.30415,143.56053,1.00000,222.55027,299.92556,1.00000,119.32646,1.00000,274.38109,90.64260,148.79259,162.83003,1.00000,307.63384,133.22734
134.63072,1.00000,1.00000,267.56765,248.43297,189.97000,111.47161,1.00000,184.26306,338.56694,1.00000,130.35173,1.00000,263.58010,118.23001,197.52381,237.52226,1.00000,238.35839,124.92763
112.96181,1.00000,1.00000,270.32711,264.48458,229.39879,142.47146,1.00000,197.80174,268.94621,1.00000,110.20969,1.00000,250.52812,119.67426,185.49782,217.12113,1.00000,252.76214,131.19647
171.60217,1.00000,1.00000,302.07151,233.34210,274.62464,138.50778,1.00000,244.78425,301.92561,1.00000,121.76747,1.00000,248.97561,106.82669,210.20321,207.48214,1.00000,278.82616,80.38847
141.63534,1.00000,1.00000,231.76390,261.11212,217.92725,139.72713,1.00000,205.03186,326.20760,1.00000,107.35883,1.00000,212.15920,141.64325,209.95929,207.22605,1.00000,280.13032,120.92400
129.57579,1.00000,1.00000,306.90635,241.03279,316.69325,156.52674,1.00000,167.10316,205.88725,1.00000,72.22115,1.00000,295.50238,129.29203,192.32429,186.56257,1.00000,252.64352,93.41934
126.06857,1.00000,1.00000,223.65362,222.93725,335.18941,144.86678,1.00000,212.25183,195.14861,1.00000,94.08180,1.00000,295.35537,145.70941,257.95665,174.06938,1.00000,266.51795,84.72326
132.19293,1.00000,1.00000,293.84563,233.62219,305.34212,120.74591,1.00000,161.20613,311.36059,1.00000,107.29536,1.00000,328.03272,123.42165,105.21932,185.47012,1.00000,210.53396,60.94898
128.01594,1.00000,1.00000,282.39209,273.86295,255.56890,145.56255,1.00000,147.23650,320.80027,1.00000,99.66315,1.00000,230.63975,115.87133,213.19414,227.29216,1.00000,238.90729,111.59179
131.82960,1.00000,1.00000,250.08174,297.04600,285.76963,180.94763,1.00000,281.65235,364.53981,1.00000,101.65333,1.00000,209.07762,106.58087,199.18439,224.44573,1.00000,302.75891,119.16973
176.49458,1.00000,1.00000,236.54784,216.99527,233.25917,169.08793,1.00000,232.29040,235.86496,1.00000,112.87946,1.00000,259.63211,103.92319,227.59128,227.25343,1.00000,271.49462,118.44749
155.70080,1.00000,1.00000,232.47110,231.67429,253.70667,154.00470,1.00000,196.16243,278.83353,1.00000,111.12558,1.00000,279.31740,122.91017,182.97965,218.87409,1.00000,258.59383,117.17837
190.93443,1.00000,1.00000,299.02647,265.78671,233.96773,153.83385,1.00000,227.37007,307.43702,1.00000,117.51105,1.00000,268.98917,116.29467,162.86704,195.71841,1.00000,235.15010,106.23802
155.84995,1.00000,1.00000,283.64532,231.16968,251.53723,110.44502,1.00000,185.75664,277.85379,1.00000,127.72903,1.00000,284.84374,109.28605,243.48546,259.12534,1.00000,225.85472,108.32502
156.14613,1.00000,1.00000,271.31725,222.40786,286.73346,156.73020,1.00000,209.83109,259.43211,1.00000,105.96072,1.00000,266.75179,108.81708,191.95287,186.62800,1.00000,207.57879,77.64319
144.61599,1.00000,1.00000,260.36824,262.37195,231.01542,168.69810,1.00000,205.59740,275.17210,1.00000,126.59263,1.00000,284.06145,116.72812,227.63284,182.22204,1.00000,311.61267,109.48157
135.34020,1.00000,1.00000,348.95622,240.83321,273.75661,120.55317,1.00000,174.51984,294.69330,1.00000,112.23979,1.00000,317.45503,115.37427,224.58475,215.81236,1.00000,237.60262,110.14176
150.15162,1.00000,1.00000,290.08842,254.95212,253.28929,165.93955,1.00000,196.60670,289.34408,1.00000,113.87718,1.00000,267.86520,101.86239,202.87941,133.27773,1.00000,282.43785,75.63469
173.33866,1.00000,1.00000,200.55796,238.52715,212.32199,204.82944,1.00000,216.87006,295.96593,1.00000,120.62165,1.00000,235.25620,121.96760,192.27668,162.60301,1.00000,293.00619,118.20789
116.15567,1.00000,1.00000,233.87058,234.10410,271.38578,155.15347,1.00000,215.82630,311.48665,1.00000,98.59474,1.00000,291.96044,111.39720,216.17311,232.10615,1.00000,290.70755,141.29354
141.47513,1.00000,1.00000,242.60455,238.19054,291.29242,142.39680,1.00000,205.59310,334.11408,1.00000,141.16691,1.00000,224.97186,116.30994,171.09370,258.19974,1.00000,222.52181,128.82930
97.32044,1.00000,1.00000,254.30965,181.31026,313.49160,130.66183,1.00000,154.11352,265.27026,1.00000,80.93997,1.00000,287.19780,82.07953,203.55346,216.42728,1.00000,308.12247,125.62707
131.02765,1.00000,1.00000,285.80068,247.03873,273.47029,130.15655,1.00000,205.99879,276.34179,1.00000,128.38408,1.00000,200.73085,142.43586,99.78291,255.10552,1.00000,267.03140,109.59963
167.86116,1.00000,1.00000,305.59705,220.41075,276.05339,144.30144,1.00000,211.13804,232.68105,1.00000,143.28395,1.00000,271.75890,105.86620,237.67210,200.69310,1.00000,287.87033,129.35965
148.02625,1.00000,1.00000,318.09167,196.30102,152.36562,164.30699,1.00000,188.58162,234.35974,1.00000,113.00995,1.00000,352.00790,122.13233,178.46305,211.85253,1.00000,224.02712,105.56251
114.58358,1.00000,1.00000,257.88088,286.05586,229.33029,145.87039,1.00000,198.62257,277.14230,1.00000,129.38616,1.00000,258.37729,121.45252,234.78118,229.91153,1.00000,188.11276,76.30696
167.02231,1.00000,1.00000,251.39997,219.49128,258.95365,167.91399,1.00000,215.44595,300.52418,1.00000,113.29985,1.00000,207.10329,119.86590,241.54256,210.01185,1.00000,312.32213,105.37817
131.67376,1.00000,1.00000,305.73664,277.74179,322.02763,149.81357,1.00000,224.92860,244.64539,1.00000,116.23993,1.00000,249.20049,135.62277,191.73294,208.36318,1.00000,311.42327,92.58615
121.65063,1.00000,1.00000,291.71408,294.12265,235.15552,153.47802,1.00000,192.13023,299.57668,1.00000,110.32592,1.00000,249.49439,155.07502,145.90569,242.23808,1.00000,241.08189,121.80127
136.83159,1.00000,1.00000,269.09633,270.79971,319.12165,165.52427,1.00000,206.08731,323.35826,1.00000,97.89297,1.00000,238.09797,107.56134,250.44660,217.69106,1.00000,233.87985,103.41290
138.82137,1.00000,1.00000,294.91372,310.35843,309.73030,168.96564,1.00000,169.48826,310.86396,1.00000,121.75807,1.00000,255.91928,136.04380,182.99408,201.21879,1.00000,251.83930,127.98672
146.14355,1.00000,1.00000,267.71298,283.39131,229.96089,151.16959,1.00000,195.01787,250.38380,1.00000,143.15076,1.00000,248.97678,116.54003,149.90545,212.01427,1.00000,260.63527,102.62747
154.51669,1.00000,1.00000,258.02722,312.54694,372.97493,131.96908,1.00000,263.22574,413.18261,1.00000,123.69148,1.00000,254.46879,116.76136,197.95657,228.87739,1.00000,277.82178,94.82195
150.32413,1.00000,1.00000,279.55225,272.25916,261.48037,115.77944,1.00000,231.71236,283.83786,1.00000,84.87317,1.00000,268.29102,131.13890,208.26349,252.99357,1.00000,186.99757,127.10644
168.18967,1.00000,1.00000,261.50571,212.11156,379.47440,147.97943,1.00000,270.40913,279.14055,1.00000,114.39657,1.00000,287.45338,119.83856,202.48212,233.46415,1.00000,280.94618,102.18697
157.40281,1.00000,1.00000,287.66615,267.04440,328.41550,108.26264,1.00000,201.08211,277.66360,1.00000,93.83142,1.00000,245.43099,112.48503,223.60263,186.83150,1.00000,237.22796,111.30993
149.53683,1.00000,1.00000,251.98977,193.79990,247.62687,107.35330,1.00000,161.50704,307.46759,1.00000,139.57684,1.00000,247.86617,108.02979,264.42822,147.45037,1.00000,217.49173,101.79459
158.53085,1.00000,1.00000,232.38880,252.74193,354.62392,96.78791,1.00000,244.98799,335.59522,1.00000,149.96627,1.00000,246.24639,108.65825,155.30579,163.81130,1.00000,193.70933,120.70016
146.05167,1.00000,1.00000,210.26747,218.51798,319.30222,121.66842,1.00000,208.38013,360.15599,1.00000,91.89409,1.00000,263.21839,98.89556,138.33220,231.14565,1.00000,247.87720,120.68094
86.28031,1.00000,1.00000,305.52889,237.54406,243.91186,134.76990,1.00000,129.02098,329.10591,1.00000,121.28896,1.00000,303.99078,106.03833,236.38537,200.32621,1.00000,276.97003,126.83860
121.67687,1.00000,1.00000,309.19615,295.63093,317.61718,132.79481,1.00000,172.44164,293.92058,1.00000,109.78729,1.00000,283.79231,121.20251,189.35653,200.35418,1.00000,198.30608,122.94283
166.44604,1.00000,1.00000,314.28221,245.59219,216.17360,155.42902,1.00000,183.59980,301.51982,1.00000,109.82262,1.00000,305.22164,133.55588,190.75975,187.77384,1.00000,380.15940,100.36013
133.66553,1.00000,1.00000,246.63917,236.49609,202.36091,145.55810,1.00000,202.42262,250.79282,1.00000,111.87591,1.00000,237.35033,125.50330,215.57434,185.19953,1.00000,234.55517,111.61312
125.90057,1.00000,1.00000,308.69509,290.04837,266.76834,142.03766,1.00000,181.61827,341.15516,1.00000,112.20905,1.00000,319.85448,122.81938,217.46272,177.13480,1.00000,260.32686,146.73055
138.32072,1.00000,1.00000,234.29205,278.10945,249.98095,131.43851,1.00000,185.79846,376.95287,1.00000,117.85774,1.00000,255.60488,112.48007,227.89914,197.18078,1.00000,197.35813,134.06355
169.48170,1.00000,1.00000,281.31802,300.28634,263.26637,133.09106,1.00000,256.16422,274.90608,1.00000,105.20246,1.00000,260.97485,127.75970,206.57629,191.41074,1.00000,223.10336,99.48349
137.65733,1.00000,1.00000,293.56185,199.96690,176.10377,151.36843,1.00000,198.79286,300.37179,1.00000,97.39112,1.00000,306.17408,116.91255,220.41567,150.73674,1.00000,245.56979,91.02358
177.15170,1.00000,1.00000,210.53450,266.05002,316.13901,175.36532,1.00000,184.17616,310.12565,1.00000,131.37743,1.00000,235.74573,109.95714,162.38709,232.40877,1.00000,269.94165,125.04923
133.52392,1.00000,1.00000,265.42405,281.95199,309.39675,134.70698,1.00000,221.78646,261.18546,1.00000,69.48633,1.00000,213.47543,119.62239,169.51150,154.80658,1.00000,268.01403,93.29967
140.43930,1.00000,1.00000,330.56163,322.03123,274.77505,146.06792,1.00000,212.38966,306.69191,1.00000,104.02344,1.00000,263.49284,99.65645,209.89462,206.25041,1.00000,213.08501,76.44656
135.17551,1.00000,1.00000,252.30145,321.72408,260.71853,141.00599,1.00000,142.65689,261.13430,1.00000,129.60537,1.00000,266.42086,124.31101,268.67103,235.06856,1.00000,262.52412,105.71450
122.03933,1.00000,1.00000,310.63123,265.44656,288.77310,173.25932,1.00000,218.94534,276.25811,1.00000,104.71145,1.00000,352.65698,117.94502,178.72101,190.87624,1.00000,222.75508,82.63719
101.54891,1.00000,1.00000,287.21714,277.86907,197.23175,126.76567,1.00000,180.96139,272.95377,1.00000,94.63773,1.00000,246.23586,118.84492,205.43306,185.63963,1.00000,270.90390,117.73299
150.58013,1.00000,1.00000,303.31761,232.98099,306.77193,162.88001,1.00000,189.05200,271.06195,1.00000,110.69063,1.00000,276.12283,115.63576,189.90545,247.76764,1.00000,286.04331,85.88517
200.43618,1.00000,1.00000,263.77940,251.98015,326.55059,151.66277,1.00000,240.81689,231.26103,1.00000,128.02124,1.00000,232.59864,129.14081,187.56767,220.15799,1.00000,230.43149,90.93462
136.46492,1.00000,1.00000,271.13225,234.94033,316.62531,133.16703,1.00000,208.80236,320.02066,1.00000,120.70984,1.00000,378.61229,131.85040,174.70182,178.89089,1.00000,209.82969,120.72844
148.44902,1.00000,1.00000,297.51870,225.67510,227.12480,134.22559,1.00000,213.64352,275.91924,1.00000,108.66980,1.00000,304.18742,70.17335,220.04899,224.80135,1.00000,238.41291,101.90093
164.68902,1.00000,1.00000,262.99558,270.17760,267.99586,171.68726,1.00000,159.57517,244.92779,1.00000,86.91072,1.00000,304.66346,107.45762,219.79270,171.46459,1.00000,188.92096,97.56698
166.65198,1.00000,1.00000,236.35098,283.21026,296.92018,125.52634,1.00000,187.16680,229.02962,1.00000,117.12489,1.00000,287.78843,113.88962,194.64454,211.01600,1.00000,234.84801,90.20993
123.56680,1.00000,1.00000,234.43051,325.42376,294.04085,138.18552,1.00000,214.06108,296.60327,1.00000,123.06020,1.00000,257.71882,102.17580,217.74815,212.70799,1.00000,231.34858,95.78992
119.93949,1.00000,1.00000,256.81433,183.21954,207.05093,142.79880,1.00000,212.35887,291.34949,1.00000,107.77686,1.00000,295.52448,119.32650,224.57631,236.01939,1.00000,239.63670,117.53430
148.17290,1.00000,1.00000,335.60062,277.82997,284.17163,127.85888,1.00000,191.35595,277.57214,1.00000,109.91099,1.00000,316.10446,135.15898,152.03507,247.54529,1.00000,271.26595,118.01996
116.69880,1.00000,1.00000,267.80549,320.00058,259.93750,175.01922,1.00000,184.19224,278.02648,1.00000,125.40800,1.00000,266.89528,95.60834,230.07016,241.72946,1.00000,268.48826,95.34556
176.31582,1.00000,1.00000,271.35513,212.07685,273.36091,141.89058,1.00000,213.10926,320.90685,1.00000,118.69278,1.00000,294.94532,96.61589,234.12983,184.71753,1.00000,242.23407,114.75948
141.92558,1.00000,1.00000,246.83290,199.02382,313.92727,160.02512,1.00000,224.96565,326.58778,1.00000,100.70283,1.00000,196.68347,109.90431,212.50176,195.68180,1.00000,249.77933,123.10733
145.63603,1.00000,1.00000,264.17631,257.58579,298.65283,163.47083,1.00000,192.41724,378.43308,1.00000,112.37788,1.00000,215.89903,123.79879,135.46952,183.81370,1.00000,279.32419,102.19814
137.15161,1.00000,1.00000,320.71931,279.95037,296.62177,158.43454,1.00000,140.83601,349.25914,1.00000,116.08934,1.00000,311.40471,65.05364,255.65653,220.97019,1.00000,257.31694,128.08402
131.64123,1.00000,1.00000,234.56440,235.02694,247.44353,132.68144,1.00000,199.26150,225.71255,1.00000,83.51745,1.00000,252.70778,114.92536,231.00282,195.12559,1.00000,261.32498,120.59011
174.32088,1.00000,1.00000,274.14277,189.30845,297.95603,173.88761,1.00000,181.41510,393.23454,1.00000,78.68254,1.00000,252.36123,135.80043,165.41526,190.09448,1.00000,244.16358,120.86544
140.20811,1.00000,1.00000,227.97475,257.76473,245.79393,137.17456,1.00000,175.67184,198.43739,1.00000,91.54221,1.00000,306.10747,129.51235,230.16477,244.32361,1.00000,281.16752,116.19725
119.49768,1.00000,1.00000,238.47629,241.50154,198.69259,145.07303,1.00000,243.13723,270.13123,1.00000,96.27802,1.00000,322.75139,85.24075,210.31806,210.24522,1.00000,192.72345,111.72994
144.92100,1.00000,1.00000,299.62340,245.84211,313.94921,146.92915,1.00000,212.28635,239.97499,1.00000,126.54493,1.00000,197.36793,102.99679,206.65177,162.62145,1.00000,252.61663,130.81300
171.12527,1.00000,1.00000,224.12515,209.74016,267.09806,160.17309,1.00000,246.26889,299.30387,1.00000,101.21643,1.00000,245.79523,97.65106,123.10991,204.91227,1.00000,286.43723,105.24190
165.37714,1.00000,1.00000,253.11450,301.33138,257.12472,159.21164,1.00000,220.32063,210.71558,1.00000,131.17339,1.00000,262.83625,128.55467,219.92260,174.63832,1.00000,243.22006,100.03912
174.57603,1.00000,1.00000,241.90322,254.06865,297.45830,147.19154,1.00000,224.48846,285.19077,1.00000,126.41666,1.00000,210.31450,129.79195,236.74708,191.90512,1.00000,358.83263,132.94660
168.60071,1.00000,1.00000,209.17340,332.07672,310.05106,158.56515,1.00000,214.43926,336.53411,1.00000,122.76749,1.00000,327.55507,118.59145,182.91947,267.66175,1.00000,340.46857,116.76307
116.88648,1.00000,1.00000,355.72150,255.32423,287.63427,127.61651,1.00000,154.13809,265.96976,1.00000,107.81641,1.00000,234.58799,104.54716,151.48941,232.42167,1.00000,309.23763,108.40287
155.61558,1.00000,1.00000,263.43198,294.58407,230.92531,154.36247,1.00000,160.85212,266.87506,1.00000,127.53146,1.00000,279.65298,134.69340,220.31660,97.01489,1.00000,182.65251,95.94766
115.08737,1.00000,1.00000,234.98651,210.26100,293.91650,174.21470,1.00000,243.10445,352.51263,1.00000,141.95340,1.00000,277.25985,124.29446,157.70992,203.66810,1.00000,255.20715,108.92860
146.61719,1.00000,1.00000,286.42221,251.86929,323.29948,129.06639,1.00000,111.91894,264.83877,1.00000,121.86355,1.00000,331.31444,131.91648,182.38047,189.17060,1.00000,231.19903,124.98577
147.17760,1.00000,1.00000,326.45163,247.40924,267.32507,98.96235,1.00000,190.04457,306.05547,1.00000,139.64771,1.00000,262.29717,151.81675,218.92053,189.71189,1.00000,251.61652,116.11475
166.60852,1.00000,1.00000,328.02716,182.70318,338.42019,115.78673,1.00000,184.06965,313.44156,1.00000,94.70885,1.00000,265.67330,131.12608,212.85423,190.87221,1.00000,265.51771,106.01344
164.28904,1.00000,1.00000,331.16350,249.16422,269.06339,155.93656,1.00000,193.16466,350.63871,1.00000,115.59107,1.00000,246.31035,144.99293,189.04546,208.77054,1.00000,212.67414,106.60017
116.14504,1.00000,1.00000,263.96076,312.44794,267.55740,133.34315,1.00000,190.62332,282.58883,1.00000,105.48820,1.00000,239.76053,125.30393,196.66309,191.61527,1.00000,250.66021,102.72204
130.18010,1.00000,1.00000,193.88110,242.01376,304.26907,152.15369,1.00000,185.43403,274.66249,1.00000,122.06447,1.00000,298.52294,124.60712,203.32119,211.72503,1.00000,292.65174,116.58173
138.15329,1.00000,1.00000,271.54009,325.47770,267.82535,185.01204,1.00000,154.43524,337.07996,1.00000,113.42397,1.00000,230.28773,107.77573,207.28456,242.75102,1.00000,303.43685,91.96256
182.37695,1.00000,1.00000,275.25441,279.50626,291.17432,143.44675,1.00000,166.39688,254.81187,1.00000,91.63797,1.00000,268.71947,107.73629,181.35436,211.82742,1.00000,193.66478,111.76274
100.98402,1.00000,1.00000,271.23621,251.80618,273.55686,147.26465,1.00000,224.42080,297.95826,1.00000,94.81394,1.00000,314.81971,120.37461,219.26995,227.52285,1.00000,211.44227,131.15015
117.55129,1.00000,1.00000,249.68405,293.72572,277.44946,129.15576,1.00000,208.79267,335.21555,1.00000,115.71020,1.00000,167.46384,131.79302,259.07055,248.71992,1.00000,222.52667,99.36296
140.72723,1.00000,1.00000,275.93498,267.45236,226.26548,143.67652,1.00000,188.60291,311.20604,1.00000,126.39353,1.00000,288.01885,170.59429,187.10097,239.80164,1.00000,277.45402,126.81079
129.15277,1.00000,1.00000,232.79840,270.49980,316.94075,146.18637,1.00000,189.62971,300.72968,1.00000,103.77930,1.00000,231.09379,107.06119,217.55206,210.07998,1.00000,226.78355,102.14119
166.61079,1.00000,1.00000,292.13506,251.08863,255.62400,125.71862,1.00000,203.87472,314.35050,1.00000,97.91412,1.00000,261.85507,133.57601,174.40761,242.48727,1.00000,156.95566,122.71764
150.84269,1.00000,1.00000,331.79997,201.88554,294.40208,112.73131,1.00000,164.01858,255.74891,1.00000,118.05208,1.00000,240.68685,123.17825,192.58091,235.00776,1.00000,233.82416,117.53427
138.27976,1.00000,1.00000,296.93628,294.22831,204.48698,176.46540,1.00000,196.04419,304.50226,1.00000,85.45454,1.00000,238.96240,132.42772,193.33098,181.85612,1.00000,222.06379,123.36459
124.33282,1.00000,1.00000,202.05721,304.45927,298.41833,112.91508,1.00000,246.02090,312.16424,1.00000,96.31712,1.00000,259.48781,148.03658,216.84700,244.91788,1.00000,261.39725,132.83900
152.91520,1.00000,1.00000,283.42877,249.96686,251.14445,128.79269,1.00000,206.91759,200.69415,1.00000,125.77970,1.00000,295.39836,78.60956,201.18913,183.58504,1.00000,209.09439,119.29378
123.42650,1.00000,1.00000,229.68045,222.07277,252.35073,140.95696,1.00000,179.93964,287.77292,1.00000,114.48630,1.00000,269.74713,115.04624,245.07689,198.58233,1.00000,214.27915,108.57148
172.41725,1.00000,1.00000,248.73229,269.43037,252.54941,165.08336,1.00000,214.76059,298.64420,1.00000,116.26240,1.00000,220.22082,101.90135,207.76525,178.08624,1.00000,235.53437,135.72469
157.80924,1.00000,1.00000,294.11083,309.42344,312.48640,187.33735,1.00000,152.02823,206.75525,1.00000,95.43582,1.00000,302.99334,104.25700,223.17995,211.57563,1.00000,334.81525,94.09108
138.68920,1.00000,1.00000,246.94078,299.45834,315.75832,138.93276,1.00000,241.98647,337.12861,1.00000,88.55247,1.00000,197.09765,130.64059,174.90645,214.79088,1.00000,319.19071,104.55444
133.84912,1.00000,1.00000,289.06495,219.97588,320.88119,128.32379,1.00000,157.30732,303.96535,1.00000,118.29920,1.00000,335.54381,86.62372,230.73897,195.55040,1.00000,254.49668,103.56454
144.18433,1.00000,1.00000,262.63311,310.13875,306.34857,119.40540,1.00000,182.19772,306.69186,1.00000,141.05447,1.00000,238.48490,97.18884,188.91669,183.60472,1.00000,247.16090,91.97448
148.58295,1.00000,1.00000,318.92163,248.47279,220.28622,136.22698,1.00000,203.38240,308.67310,1.00000,61.94356,1.00000,293.33489,108.40197,222.61088,233.69174,1.00000,227.46906,107.64006
145.48907,1.00000,1.00000,213.17962,270.96917,305.40306,174.79513,1.00000,214.37185,324.91772,1.00000,91.95144,1.00000,252.61387,130.67536,197.37175,165.32258,1.00000,215.45323,118.96686
172.07938,1.00000,1.00000,226.00513,317.19423,292.67455,180.31234,1.00000,164.04114,263.17947,1.00000,103.13370,1.00000,172.25337,114.00323,197.79262,241.34230,1.00000,225.42391,129.38972
148.50064,1.00000,1.00000,237.39567,182.56058,219.36829,127.78182,1.00000,197.15121,280.86127,1.00000,102.14209,1.00000,310.74967,97.44757,205.35246,179.38266,1.00000,271.47939,110.24476
153.18375,1.00000,1.00000,257.64350,262.61832,277.18550,161.90669,1.00000,174.61026,366.98575,1.00000,121.60554,1.00000,247.54093,129.33057,203.38948,218.61857,1.00000,269.97999,118.48645
153.19084,1.00000,1.00000,187.72024,212.51494,300.46296,139.80822,1.00000,186.15919,218.45862,1.00000,123.94414,1.00000,250.29582,130.19338,227.26080,155.09318,1.00000,230.40827,104.59518
141.14838,1.00000,1.00000,260.46664,314.96462,292.71329,104.74582,1.00000,205.24917,297.36544,1.00000,118.43252,1.00000,343.66109,111.75869,201.89023,225.09089,1.00000,290.94069,106.23786
165.33895,1.00000,1.00000,230.55943,267.67938,284.95724,141.54232,1.00000,222.14948,249.95661,1.00000,91.79381,1.00000,288.25116,127.60383,221.80245,233.60089,1.00000,307.67892,86.68560
146.99766,1.00000,1.00000,265.62229,198.53329,177.61472,136.08934,1.00000,159.67916,262.89327,1.00000,111.53501,1.00000,277.71430,123.87843,207.80912,178.50791,1.00000,284.72918,94.61006
186.79881,1.00000,1.00000,264.65442,276.91603,264.74393,210.67655,1.00000,262.09021,261.52536,1.00000,137.19049,1.00000,298.20788,108.71448,202.73904,144.53114,1.00000,295.44243,110.33432
169.91387,1.00000,1.00000,197.20998,226.70443,248.99077,147.14751,1.00000,245.10739,182.75021,1.00000,96.22544,1.00000,308.33191,109.03377,205.96235,224.52976,1.00000,271.47043,87.88081
120.07192,1.00000,1.00000,194.32681,244.30265,164.09575,169.28150,1.00000,228.15888,257.80818,1.00000,117.30869,1.00000,246.15067,94.33871,242.52669,222.56662,1.00000,252.51995,124.98497
173.76983,1.00000,1.00000,252.27021,282.73382,301.99306,131.65254,1.00000,216.32074,337.11822,1.00000,130.98675,1.00000,258.55830,134.20547,146.18232,206.99378,1.00000,248.50710,100.30732
170.39088,1.00000,1.00000,248.78571,259.21522,269.69505,90.21824,1.00000,130.41236,339.19137,1.00000,89.80693,1.00000,253.16876,165.76528,186.77524,204.17380,1.00000,262.01476,133.87990
159.15522,1.00000,1.00000,253.55503,274.39744,321.04919,133.76390,1.00000,227.47686,226.51215,1.00000,127.09654,1.00000,252.18235,89.58127,234.69885,180.95750,1.00000,205.99287,80.97101
181.73344,1.00000,1.00000,308.46570,336.65091,310.43448,57.70745,1.00000,260.27923,271.81659,1.00000,120.45553,1.00000,251.22578,123.78771,217.07583,225.54716,1.00000,249.27892,127.21211
139.12249,1.00000,1.00000,238.96053,281.00047,294.46944,132.01186,1.00000,217.02821,201.30131,1.00000,97.27850,1.00000,347.82176,103.56587,239.82689,210.42349,1.00000,276.84930,138.17154
156.60887,1.00000,1.00000,232.99133,339.40289,227.28425,151.48076,1.00000,191.72664,251.20823,1.00000,125.30656,1.00000,245.59027,158.04539,241.65837,169.93629,1.00000,338.28577,88.45669
106.37658,1.00000,1.00000,333.52737,285.10775,287.01245,133.55402,1.00000,174.98510,283.10723,1.00000,146.52028,1.00000,261.47088,152.81649,218.10662,183.05237,1.00000,290.02332,105.90901
138.92176,1.00000,1.00000,285.11025,211.88186,241.98350,166.49782,1.00000,175.20432,326.93899,1.00000,115.40927,1.00000,147.21640,98.38878,161.83376,177.06223,1.00000,235.77833,96.72324
158.24635,1.00000,1.00000,274.14379,253.30783,251.24624,141.48560,1.00000,193.07654,320.29128,1.00000,121.33322,1.00000,299.03943,136.84363,201.38085,225.94698,1.00000,242.16914,105.47882
157.47778,1.00000,1.00000,241.68892,272.65950,229.08306,183.43294,1.00000,250.82146,279.20931,1.00000,101.88903,1.00000,319.79196,117.87072,219.30702,221.61617,1.00000,298.80937,98.27987
123.04015,1.00000,1.00000,224.72460,253.61494,297.75106,133.28017,1.00000,174.69746,316.50536,1.00000,133.74523,1.00000,236.37126,104.76784,185.74084,182.24040,1.00000,220.18379,126.73511
160.86024,1.00000,1.00000,209.71493,246.11078,250.60152,116.40471,1.00000,167.96130,292.23306,1.00000,111.48814,1.00000,219.25424,103.55043,241.58955,239.49443,1.00000,248.01443,86.22794
140.73767,1.00000,1.00000,230.75050,269.81265,340.24917,147.17418,1.00000,200.48638,299.81236,1.00000,109.12871,1.00000,299.75646,130.53308,195.19218,225.05845,1.00000,293.81110,102.62230
156.60399,1.00000,1.00000,223.88684,236.91077,269.03209,129.20942,1.00000,211.69724,287.21604,1.00000,112.29896,1.00000,246.25435,105.21993,191.44794,198.33971,1.00000,220.81243,93.21563
141.47973,1.00000,1.00000,296.56062,297.79985,307.41703,166.32846,1.00000,187.20344,249.39389,1.00000,105.23417,1.00000,278.23040,120.08892,220.84863,184.84050,1.00000,228.42496,92.63960
145.56907,1.00000,1.00000,248.38124,241.09852,264.80691,131.63960,1.00000,194.43950,200.85419,1.00000,99.69649,1.00000,275.23157,145.34941,167.62099,185.01024,1.00000,251.33857,100.01782
142.99310,1.00000,1.00000,262.43951,252.45843,259.31586,150.86856,1.00000,244.13994,280.70010,1.00000,138.96495,1.00000,294.39566,143.35899,200.70847,247.07491,1.00000,326.47977,128.19441
167.09226,1.00000,1.00000,212.47867,280.67391,237.91138,157.39773,1.00000,199.91356,285.30907,1.00000,111.79330,1.00000,232.68605,121.32536,212.55579,194.80864,1.00000,234.38826,126.33958
128.56349,1.00000,1.00000,301.09108,316.34423,212.90718,134.64094,1.00000,171.19154,314.81795,1.00000,97.68503,1.00000,246.62885,127.39242,141.61677,241.31630,1.00000,246.25709,92.62078
150.48207,1.00000,1.00000,313.59009,303.72028,234.42674,132.06326,1.00000,227.25263,331.39061,1.00000,98.23490,1.00000,296.14748,122.15236,175.52088,185.44623,1.00000,322.57929,115.84222
169.41689,1.00000,1.00000,305.38341,267.50548,260.31321,146.80376,1.00000,198.36870,263.34818,1.00000,92.68555,1.00000,271.93562,121.62411,173.61101,229.19372,1.00000,251.37223,132.14436
124.87447,1.00000,1.00000,352.15554,193.65659,265.99215,175.33719,1.00000,188.09213,335.17780,1.00000,141.23135,1.00000,248.55258,112.21657,207.96905,190.71797,1.00000,326.79514,118.16557
116.05029,1.00000,1.00000,378.34556,280.02257,242.61226,102.94227,1.00000,183.97053,343.36924,1.00000,93.82102,1.00000,291.72170,118.21346,205.89599,243.92733,1.00000,284.46207,134.60798
158.24169,1.00000,1.00000,235.76306,264.99072,252.55879,143.40921,1.00000,197.54614,355.58150,1.00000,104.44068,1.00000,311.01135,144.08552,210.31112,201.16726,1.00000,258.96600,105.56793
140.61365,1.00000,1.00000,283.58783,310.19040,290.98623,132.07483,1.00000,171.54548,324.08056,1.00000,105.20041,1.00000,210.00689,101.54798,234.92740,222.84168,1.00000,283.77823,111.76966
174.78055,1.00000,1.00000,203.14943,250.21089,161.47257,151.04202,1.00000,175.89630,287.75222,1.00000,141.07011,1.00000,264.85008,144.66952,244.72919,203.81163,1.00000,246.45994,111.72750
153.36766,1.00000,1.00000,222.54862,249.31360,257.79438,142.75307,1.00000,202.67443,340.45194,1.00000,105.01520,1.00000,238.75048,107.32772,157.65472,228.11761,1.00000,245.03423,106.08480
181.33423,1.00000,1.00000,230.38037,263.59919,229.51947,133.87269,1.00000,247.78848,237.92596,1.00000,121.25812,1.00000,259.50457,112.07801,215.91027,214.27914,1.00000,181.80080,117.53678
139.18753,1.00000,1.00000,199.57412,282.53466,252.63942,169.48168,1.00000,201.70207,225.69114,1.00000,125.22629,1.00000,279.09784,120.98679,190.01283,226.82365,1.00000,188.67210,137.84828
130.52048,1.00000,1.00000,285.04478,240.05471,334.19944,166.16308,1.00000,124.26963,229.67587,1.00000,109.35350,1.00000,283.30529,127.60128,216.86004,199.20008,1.00000,274.96896,128.44096
162.93596,1.00000,1.00000,326.10403,222.98129,201.55054,124.02097,1.00000,240.82291,284.82699,1.00000,68.68462,1.00000,323.77568,105.71605,195.65964,195.05104,1.00000,233.49853,124.15231
170.22555,1.00000,1.00000,275.45257,239.38365,277.07447,148.62715,1.00000,264.71823,275.31441,1.00000,96.37574,1.00000,205.45590,114.18416,260.39338,224.28350,1.00000,272.97303,90.13653
168.83904,1.00000,1.00000,318.20051,335.67835,213.15474,147.23087,1.00000,229.31439,282.83804,1.00000,111.97903,1.00000,250.91608,141.12495,172.60855,176.77505,1.00000,292.45289,123.35733
148.36442,1.00000,1.00000,350.83412,369.40285,151.40642,144.19782,1.00000,203.92970,221.45073,1.00000,137.27367,1.00000,319.40873,120.62580,231.58486,214.33969,1.00000,209.93381,80.76670
117.19302,1.00000,1.00000,189.75966,318.05290,267.49926,120.95749,1.00000,253.57674,260.91277,1.00000,91.52440,1.00000,260.83511,126.15706,207.51936,207.67741,1.00000,272.00351,95.93914
147.86233,1.00000,1.00000,279.68593,272.85411,347.43710,125.11690,1.00000,223.09048,369.23329,1.00000,120.58538,1.00000,284.12179,104.99721,166.58631,218.77077,1.00000,233.58017,98.35807
141.57799,1.00000,1.00000,323.41933,239.83432,305.67204,155.95911,1.00000,219.45048,362.02700,1.00000,81.97347,1.00000,290.67525,144.26759,192.74207,192.47852,1.00000,272.67185,108.35123
175.90482,1.00000,1.00000,251.78846,233.13142,274.85725,149.31548,1.00000,199.60491,271.20864,1.00000,132.80554,1.00000,197.57510,128.97659,198.86731,220.43967,1.00000,287.00232,94.29197
132.74325,1.00000,1.00000,287.41759,272.04324,310.11699,152.15893,1.00000,219.82017,320.96900,1.00000,128.38653,1.00000,220.60701,114.09076,172.94022,218.20377,1.00000,236.86857,121.57261
135.66578,1.00000,1.00000,275.77854,235.39084,221.14705,161.97302,1.00000,159.88274,232.31079,1.00000,97.65850,1.00000,269.99461,143.10993,210.02482,220.44500,1.00000,311.00709,122.87135
150.96178,1.00000,1.00000,317.36482,248.56928,242.07729,149.22471,1.00000,178.17520,222.31505,1.00000,118.81439,1.00000,217.13618,114.76634,186.79950,206.94581,1.00000,296.30873,88.45812
147.34436,1.00000,1.00000,246.96086,310.90196,236.36453,173.36709,1.00000,228.18220,274.38806,1.00000,140.74517,1.00000,306.87314,109.96696,209.59215,241.68355,1.00000,268.09173,106.51358
104.71098,1.00000,1.00000,313.75244,283.16337,286.82801,134.16572,1.00000,173.91668,331.87438,1.00000,127.37677,1.00000,267.83408,104.62718,228.20093,198.08194,1.00000,275.50619,123.36764
149.68882,1.00000,1.00000,304.89563,281.82685,247.01462,115.39343,1.00000,235.32059,270.41482,1.00000,111.26634,1.00000,211.84031,113.89093,203.80295,242.32087,1.00000,262.62185,134.57339
132.17127,1.00000,1.00000,258.88880,201.13422,244.23867,157.10093,1.00000,173.32076,336.37433,1.00000,111.85172,1.00000,230.03549,136.33803,249.72333,177.65432,1.00000,243.25448,121.78682
143.22384,1.00000,1.00000,312.14091,242.17757,259.12431,160.59138,1.00000,173.51098,282.00289,1.00000,112.23977,1.00000,245.59476,144.02501,166.38328,194.92411,1.00000,269.07939,97.90239
166.86386,1.00000,1.00000,259.85624,305.79418,262.56835,139.92129,1.00000,187.45499,292.72037,1.00000,96.52801,1.00000,215.96762,120.00510,163.68158,261.32090,1.00000,235.61857,118.85700
132.28879,1.00000,1.00000,247.07168,261.92504,304.38322,175.41462,1.00000,173.87092,331.44860,1.00000,110.91914,1.00000,257.75287,108.53951,234.27897,241.50421,1.00000,253.81595,95.94771
165.38657,1.00000,1.00000,229.04029,220.66966,289.18257,153.46658,1.00000,201.33512,223.68004,1.00000,104.84724,1.00000,186.79388,115.74310,177.79743,209.40808,1.00000,241.47501,116.27927
158.92484,1.00000,1.00000,230.11198,229.68755,327.71023,136.08484,1.00000,248.27791,330.71543,1.00000,113.12020,1.00000,248.35115,130.89751,204.97382,198.70625,1.00000,295.35019,121.17547
167.71920,1.00000,1.00000,295.60153,247.80302,264.56769,151.09712,1.00000,180.26548,264.76954,1.00000,117.08151,1.00000,296.55305,128.35901,189.20896,232.23915,1.00000,292.18991,113.83299
147.57455,1.00000,1.00000,267.00164,237.31066,231.50979,190.09546,1.00000,205.63244,248.33028,1.00000,102.04376,1.00000,294.28442,124.00584,257.73670,174.25179,1.00000,288.57981,138.19606
125.55121,1.00000,1.00000,242.42994,242.25456,289.76244,155.27818,1.00000,244.55486,299.60500,1.00000,138.61572,1.00000,260.69078,122.78743,197.23984,218.96377,1.00000,294.49047,117.26096
142.33291,1.00000,1.00000,278.26400,277.71802,275.14148,165.97670,1.00000,239.04254,314.36574,1.00000,95.21047,1.00000,250.01805,110.89814,225.43417,186.82033,1.00000,274.17244,114.64352
144.35312,1.00000,1.00000,279.27945,237.22823,280.43368,139.37861,1.00000,248.88110,310.95973,1.00000,75.93844,1.00000,294.65909,117.88502,190.42512,188.32706,1.00000,247.71507,78.27754
126.65239,1.00000,1.00000,343.64741,247.26119,309.96128,180.55682,1.00000,194.17119,232.83225,1.00000,127.57197,1.00000,302.93937,134.77591,188.31753,196.46624,1.00000,262.09899,117.28652
164.49050,1.00000,1.00000,314.21481,246.72257,247.41521,93.98898,1.00000,220.89806,275.58670,1.00000,135.26049,1.00000,261.33104,116.83883,216.55957,138.24676,1.00000,219.11076,113.11540
130.32955,1.00000,1.00000,262.97366,234.91544,204.66205,149.68577,1.00000,186.97409,295.28017,1.00000,123.99848,1.00000,214.99666,122.46074,183.14959,257.30956,1.00000,257.62018,106.68459
155.62338,1.00000,1.00000,321.50357,233.56901,287.76500,169.88759,1.00000,152.88332,264.47971,1.00000,127.90504,1.00000,242.57603,132.56771,204.46372,213.04697,1.00000,246.46850,102.01303
147.05314,1.00000,1.00000,297.49843,256.63545,198.36859,172.31479,1.00000,207.38790,345.89476,1.00000,86.86495,1.00000,201.07381,98.60290,194.47330,216.71946,1.00000,223.60341,110.27450
145.12163,1.00000,1.00000,289.84683,283.61055,257.69489,162.05561,1.00000,153.81706,370.81379,1.00000,109.76832,1.00000,272.77316,115.25930,203.36982,243.32539,1.00000,227.12113,100.54046
136.40730,1.00000,1.00000,284.56767,257.21764,218.31084,165.56987,1.00000,207.44668,254.13379,1.00000,104.74344,1.00000,279.00930,120.29701,238.83912,233.60153,1.00000,243.05775,107.22052
139.13088,1.00000,1.00000,198.52367,292.53202,262.87002,169.42724,1.00000,187.13091,323.47560,1.00000,85.94882,1.00000,170.20434,105.09197,182.05346,219.02188,1.00000,211.52252,111.62698
112.46189,1.00000,1.00000,258.50279,332.41926,258.79324,133.62229,1.00000,198.71082,313.10273,1.00000,115.73087,1.00000,292.08178,120.41098,240.23125,216.83889,1.00000,172.81729,99.96905
142.20308,1.00000,1.00000,230.39793,234.51701,247.34808,123.59820,1.00000,164.82931,338.80463,1.00000,119.36379,1.00000,268.67517,121.41497,271.21497,168.89749,1.00000,222.92932,104.97727
134.46480,1.00000,1.00000,301.06925,264.03812,301.35264,111.18320,1.00000,172.54085,363.56460,1.00000,117.90627,1.00000,237.76712,119.38883,240.45464,217.25352,1.00000,263.90672,112.33416
123.84999,1.00000,1.00000,270.57176,302.97676,306.98298,147.24648,1.00000,201.57072,221.75695,1.00000,102.72715,1.00000,287.18044,114.92928,211.04440,202.79128,1.00000,264.12215,113.49055
123.28868,1.00000,1.00000,219.70547,225.63905,318.44097,157.21740,1.00000,171.07604,292.60343,1.00000,121.51212,1.00000,264.87305,116.61652,270.01287,195.93013,1.00000,167.60270,103.22558
120.42862,1.00000,1.00000,254.26996,300.03257,269.13148,179.96186,1.00000,205.98604,248.46044,1.00000,113.75612,1.00000,278.84995,115.23032,187.34947,166.77770,1.00000,254.28542,85.11125
153.66207,1.00000,1.00000,303.23243,273.14857,303.70021,170.95090,1.00000,220.58368,367.87789,1.00000,131.18498,1.00000,307.28297,130.77277,189.70128,263.43041,1.00000,248.31613,91.38334
128.69763,1.00000,1.00000,243.58102,339.86183,208.31257,129.98673,1.00000,192.79301,274.06957,1.00000,115.96963,1.00000,318.48022,118.87074,95.88716,234.49434,1.00000,307.18371,134.69152
129.37677,1.00000,1.00000,297.25448,224.93415,287.81380,127.97932,1.00000,210.59831,325.32377,1.00000,98.39380,1.00000,282.19333,118.94569,214.95030,169.95139,1.00000,284.49421,98.14475
144.88611,1.00000,1.00000,261.39327,256.54647,205.69861,146.72111,1.00000,205.07635,372.28443,1.00000,125.70042,1.00000,242.63167,121.04981,194.55444,140.20709,1.00000,275.96817,79.89353
141.68473,1.00000,1.00000,282.33054,248.29750,226.71714,149.38327,1.00000,184.22746,190.81784,1.00000,99.05936,1.00000,340.36658,105.24969,217.89788,175.24841,1.00000,266.02772,85.89926
140.92430,1.00000,1.00000,353.43542,269.37635,334.97728,145.36119,1.00000,148.80355,208.05479,1.00000,108.95294,1.00000,254.27075,135.66100,197.79495,210.30226,1.00000,238.79054,117.10526
137.92602,1.00000,1.00000,247.12840,205.92301,284.81693,125.47591,1.00000,185.55352,237.26463,1.00000,139.88535,1.00000,267.61428,143.32142,190.55912,238.64887,1.00000,245.34152,108.95038
149.64442,1.00000,1.00000,225.29293,246.23231,277.14058,155.59108,1.00000,179.69298,292.10286,1.00000,125.34529,1.00000,250.44402,147.26560,258.16781,198.42655,1.00000,256.41696,84.44128
170.18218,1.00000,1.00000,278.75236,248.45713,277.46219,152.87631,1.00000,231.62951,215.98537,1.00000,85.31270,1.00000,297.23732,120.69267,208.84380,191.95075,1.00000,258.79288,79.34101
156.38515,1.00000,1.00000,263.39890,291.70517,283.42219,152.09860,1.00000,189.76515,331.53144,1.00000,145.79128,1.00000,331.29210,115.34689,218.54794,259.82267,1.00000,295.86569,92.42357
178.67764,1.00000,1.00000,304.38063,264.79013,226.29891,137.18078,1.00000,194.35288,332.07552,1.00000,98.99677,1.00000,300.52134,122.86479,174.78846,224.20495,1.00000,271.92971,112.76289
107.76116,1.00000,1.00000,362.79802,218.27081,267.35881,178.98280,1.00000,180.09711,326.93959,1.00000,135.44095,1.00000,266.20950,107.78634,244.35160,231.19247,1.00000,284.09723,106.11503
114.89136,1.00000,1.00000,243.09786,258.68224,174.82429,165.71031,1.00000,236.97767,252.46924,1.00000,152.10106,1.00000,295.78808,123.66156,183.37411,168.35838,1.00000,245.53077,89.72506
162.76894,1.00000,1.00000,248.08952,243.61623,255.89083,184.48489,1.00000,156.52680,248.33199,1.00000,123.02724,1.00000,282.56474,96.96366,254.32037,254.74644,1.00000,212.70954,103.50831
153.57304,1.00000,1.00000,274.67073,275.35202,346.97715,110.32875,1.00000,231.35369,259.16633,1.00000,124.46437,1.00000,205.17567,125.84927,190.65464,171.09558,1.00000,229.72517,109.16024
128.68163,1.00000,1.00000,234.11676,325.34083,201.51587,148.81179,1.00000,176.16620,413.75134,1.00000,132.24047,1.00000,255.06969,131.04350,177.63061,231.49204,1.00000,337.61194,119.66968
195.36805,1.00000,1.00000,266.28322,251.52134,356.65021,169.71470,1.00000,221.25360,329.50484,1.00000,91.08872,1.00000,305.62698,119.39442,213.57355,197.04032,1.00000,232.05242,97.57372
140.67930,1.00000,1.00000,296.18556,236.74987,310.67809,155.27252,1.00000,195.59088,377.92711,1.00000,102.64025,1.00000,298.86528,99.92073,288.99371,223.75412,1.00000,268.95804,95.82589
115.05010,1.00000,1.00000,265.39604,262.58438,375.02896,165.13704,1.00000,203.80146,317.79789,1.00000,108.93173,1.00000,205.69141,106.96293,211.75637,214.30419,1.00000,267.45004,119.18297
130.73205,1.00000,1.00000,246.16192,245.50957,311.81369,115.70481,1.00000,198.95935,336.92018,1.00000,124.98217,1.00000,269.77613,115.73308,147.49655,140.91173,1.00000,289.32569,100.97928
148.19733,1.00000,1.00000,235.85166,261.49131,333.41948,178.19629,1.00000,191.17193,254.04407,1.00000,108.62774,1.00000,304.54258,123.77125,185.48807,128.42141,1.00000,279.45273,113.17114
150.06912,1.00000,1.00000,334.11682,310.24539,219.50055,156.59301,1.00000,175.48181,268.57097,1.00000,129.64892,1.00000,268.00679,85.47441,194.00247,213.25137,1.00000,258.90373,127.85364
146.15220,1.00000,1.00000,348.47376,273.72406,268.49871,196.84093,1.00000,245.88500,301.92472,1.00000,116.24659,1.00000,273.73317,141.83514,218.07754,224.91490,1.00000,219.06495,119.27299
115.63879,1.00000,1.00000,269.91550,225.90427,303.53686,138.91195,1.00000,165.94781,371.09445,1.00000,111.83124,1.00000,326.43187,71.30190,192.41071,210.38572,1.00000,233.92405,105.01886
113.54114,1.00000,1.00000,309.44252,213.16066,237.12455,135.41793,1.00000,238.45365,232.74376,1.00000,114.58696,1.00000,250.05344,125.36142,191.15743,210.32728,1.00000,233.32321,114.33496
154.67067,1.00000,1.00000,321.41777,245.33195,257.49670,118.93435,1.00000,246.41228,296.16537,1.00000,124.92378,1.00000,283.25933,150.33273,151.72635,183.90460,1.00000,250.75670,95.82647
141.73759,1.00000,1.00000,272.89090,175.91801,248.88084,129.58863,1.00000,286.54157,383.26513,1.00000,99.90734,1.00000,232.61279,90.84789,212.23891,260.11125,1.00000,207.01474,99.83720
144.27015,1.00000,1.00000,232.48316,299.94056,266.11887,98.35060,1.00000,203.41750,371.71509,1.00000,124.79942,1.00000,211.94186,130.70882,192.26804,219.31806,1.00000,199.84363,93.71190
107.77201,1.00000,1.00000,232.46544,250.81438,293.71939,166.11379,1.00000,198.12572,298.03151,1.00000,83.41277,1.00000,292.61241,118.41608,177.85590,250.19319,1.00000,254.52053,107.77690
139.16179,1.00000,1.00000,299.90279,277.96988,266.22651,141.97353,1.00000,225.97265,253.13939,1.00000,120.86150,1.00000,260.88699,103.08849,165.74939,186.03971,1.00000,297.33767,99.95507
108.83319,1.00000,1.00000,237.85216,273.27694,290.58400,133.78418,1.00000,221.43318,306.16084,1.00000,130.67621,1.00000,242.18783,117.29703,215.41279,262.34002,1.00000,293.19167,127.52602
139.44147,1.00000,1.00000,266.01040,186.13804,337.01731,148.39755,1.00000,189.28918,351.73230,1.00000,148.76331,1.00000,262.36963,123.22698,160.11739,229.74417,1.00000,228.57145,109.76321
95.96722,1.00000,1.00000,304.35182,243.36714,309.87182,83.55006,1.00000,221.31415,242.35281,1.00000,129.64284,1.00000,243.67576,124.44642,247.42452,198.52575,1.00000,359.63927,102.05415
126.07979,1.00000,1.00000,285.63047,179.70696,223.09554,130.32737,1.00000,175.81426,175.93495,1.00000,121.72314,1.00000,242.31472,128.85360,173.37661,222.77718,1.00000,284.10633,135.42851
119.83948,1.00000,1.00000,301.81028,241.32936,368.43809,144.74723,1.00000,220.89991,341.78066,1.00000,96.27838,1.00000,233.57646,130.87326,219.29289,204.05695,1.00000,230.64845,106.33031
152.10604,1.00000,1.00000,240.93523,287.06769,273.02917,138.45577,1.00000,199.88863,249.17564,1.00000,101.67274,1.00000,209.35923,113.50536,194.22803,156.50984,1.00000,278.39075,124.07574
142.94866,1.00000,1.00000,318.05744,282.43385,263.06505,171.50574,1.00000,172.98172,306.50097,1.00000,128.48125,1.00000,244.35615,91.78755,172.73837,207.47812,1.00000,279.33390,109.07808
143.95276,1.00000,1.00000,331.76396,277.73614,256.72751,176.82691,1.00000,230.19323,327.08534,1.00000,153.00824,1.00000,324.16855,119.14864,192.60286,222.66392,1.00000,314.74142,119.20610
164.54986,1.00000,1.00000,231.14313,223.70431,261.12801,140.68632,1.00000,171.96379,286.20111,1.00000,121.44588,1.00000,270.90006,122.75232,265.73073,250.81329,1.00000,254.24759,94.29526
144.45639,1.00000,1.00000,262.71476,386.65060,308.79334,141.95110,1.00000,203.77839,320.44462,1.00000,111.40110,1.00000,231.69547,124.78311,211.76442,163.33983,1.00000,123.55792,126.38513
158.69107,1.00000,1.00000,212.83186,196.83379,240.91261,139.94314,1.00000,229.89206,353.72617,1.00000,99.61974,1.00000,294.99426,118.19842,192.00295,223.74713,1.00000,276.30239,133.60808
167.74725,1.00000,1.00000,261.30768,210.78675,377.51091,133.37145,1.00000,243.80702,363.50852,1.00000,125.75013,1.00000,277.76515,113.49537,227.88617,196.08424,1.00000,293.09288,153.94098
154.24464,1.00000,1.00000,285.13991,269.28509,305.24553,164.11549,1.00000,211.81486,306.52311,1.00000,111.81457,1.00000,311.77324,124.83231,202.11823,216.49554,1.00000,243.33667,104.17071
186.98169,1.00000,1.00000,198.91589,344.26246,256.92267,118.70301,1.00000,218.82929,272.43365,1.00000,123.54471,1.00000,259.42170,96.57300,198.69001,249.40938,1.00000,230.91047,88.56665
135.63204,1.00000,1.00000,312.72873,275.41239,305.45089,133.27701,1.00000,236.50416,316.23581,1.00000,122.39360,1.00000,305.21153,135.05230,217.10416,184.20640,1.00000,228.78487,100.78655
128.80125,1.00000,1.00000,254.63779,281.93556,245.50705,152.41142,1.00000,222.27989,324.18548,1.00000,141.32283,1.00000,289.55441,120.84273,199.68065,173.73364,1.00000,260.22941,110.40995
155.04016,1.00000,1.00000,261.11265,222.70963,272.97295,150.31163,1.00000,196.26044,309.49033,1.00000,121.51769,1.00000,299.76568,91.48946,203.07190,196.75851,1.00000,199.78058,120.64533
147.56077,1.00000,1.00000,249.08233,328.67129,223.52687,93.45585,1.00000,210.30730,393.73794,1.00000,98.80961,1.00000,250.29829,128.66380,194.54580,185.00012,1.00000,247.76117,104.05752
142.43608,1.00000,1.00000,283.16821,294.72646,273.29094,143.76633,1.00000,179.81294,290.55011,1.00000,103.60096,1.00000,285.33530,111.71367,156.48288,190.76183,1.00000,345.20303,107.02742
150.69222,1.00000,1.00000,255.40825,189.07535,276.19099,133.79440,1.00000,225.57621,263.86430,1.00000,98.71514,1.00000,318.90498,122.25768,230.32057,178.10029,1.00000,279.13264,126.25650
162.49812,1.00000,1.00000,316.13934,291.98036,286.98092,119.76418,1.00000,151.03995,277.77622,1.00000,132.35827,1.00000,184.11736,112.70796,173.78178,200.62028,1.00000,235.73639,107.02822
162.28299,1.00000,1.00000,236.34431,256.24582,264.85821,95.86825,1.00000,147.00246,371.28527,1.00000,103.90771,1.00000,274.48367,74.81597,194.79254,210.29755,1.00000,205.92416,137.26667
149.25629,1.00000,1.00000,337.71146,242.69715,270.83914,134.77326,1.00000,238.65327,354.96945,1.00000,117.70385,1.00000,325.14388,106.62625,197.80148,184.06033,1.00000,344.88045,92.51531
161.88747,1.00000,1.00000,266.58229,275.03097,286.40246,159.83885,1.00000,230.93606,358.07061,1.00000,126.36326,1.00000,268.93981,171.57999,211.03910,179.12258,1.00000,224.38892,137.52865
183.95619,1.00000,1.00000,260.44352,241.76612,188.51212,159.06039,1.00000,184.81555,262.41376,1.00000,115.43552,1.00000,233.39699,106.38325,219.42544,225.72942,1.00000,226.22718,120.13799
85.42396,1.00000,1.00000,295.79922,327.39132,316.27061,140.38625,1.00000,158.73262,319.49031,1.00000,136.50117,1.00000,274.66067,112.96646,224.88688,223.06595,1.00000,220.16870,103.12095
169.43343,1.00000,1.00000,261.25403,252.66010,161.67698,150.86576,1.00000,242.50908,350.51165,1.00000,114.78649,1.00000,219.60371,96.03334,204.90811,172.17859,1.00000,301.76463,119.16673
145.83441,1.00000,1.00000,288.10620,253.53678,241.33659,83.41910,1.00000,151.44505,317.58685,1.00000,85.43476,1.00000,189.62366,100.46064,220.81140,236.85233,1.00000,252.00289,109.59833
125.33303,1.00000,1.00000,284.19183,271.60440,247.04708,150.28362,1.00000,168.85840,251.34000,1.00000,103.16191,1.00000,280.07438,121.21069,175.86960,155.77965,1.00000,198.77143,108.36157
119.17251,1.00000,1.00000,204.63364,178.68124,320.18991,160.93788,1.00000,179.03456,231.97838,1.00000,110.08966,1.00000,321.08138,113.61879,177.83056,286.66530,1.00000,240.82819,101.45786
194.90850,1.00000,1.00000,280.91332,276.21924,303.08933,159.57388,1.00000,187.60922,334.65840,1.00000,92.43441,1.00000,358.34375,100.25980,185.47836,221.71690,1.00000,279.30322,110.49652
139.82178,1.00000,1.00000,253.75989,226.04155,306.03126,148.98507,1.00000,129.29947,327.13408,1.00000,89.00579,1.00000,279.59081,115.30782,203.31852,215.54139,1.00000,243.63985,122.80440
143.96919,1.00000,1.00000,219.43747,235.40053,206.72271,129.32015,1.00000,226.12948,292.55608,1.00000,101.99982,1.00000,296.53978,92.75059,191.79043,254.22086,1.00000,251.67608,123.05903
117.67479,1.00000,1.00000,290.08878,237.85632,242.77575,174.16780,1.00000,188.95800,290.65750,1.00000,111.15657,1.00000,293.01350,104.95511,197.39997,204.95386,1.00000,168.53292,140.52744
166.92485,1.00000,1.00000,212.14702,237.29259,247.89046,144.05798,1.00000,208.12770,296.12130,1.00000,159.80379,1.00000,200.65943,98.71252,187.19056,176.57719,1.00000,260.44914,99.59824
157.60240,1.00000,1.00000,252.19632,236.28106,263.02070,110.09177,1.00000,187.04456,293.02391,1.00000,132.67711,1.00000,198.06615,124.42070,211.72292,152.12615,1.00000,243.74447,103.44079
129.77698,1.00000,1.00000,233.14342,226.42933,300.16685,173.92821,1.00000,218.72206,280.77979,1.00000,102.14711,1.00000,289.38489,142.93828,251.64126,181.15708,1.00000,269.57680,104.23231
183.94633,1.00000,1.00000,327.59214,217.17393,303.06713,165.97840,1.00000,164.40747,283.38988,1.00000,102.33008,1.00000,240.23408,144.07565,181.57350,205.04201,1.00000,239.14534,124.65554
146.68637,1.00000,1.00000,255.35127,309.90690,252.17512,193.81652,1.00000,237.67004,273.37427,1.00000,110.73491,1.00000,277.04900,98.24505,147.59209,236.46996,1.00000,323.74926,112.84420
155.83792,1.00000,1.00000,230.30216,336.19648,333.84304,158.68986,1.00000,292.60931,254.09532,1.00000,113.12669,1.00000,385.00803,126.62077,208.28922,206.11554,1.00000,240.71097,125.03567
152.98407,1.00000,1.00000,243.59001,265.70545,285.62516,137.57970,1.00000,233.61100,298.84394,1.00000,126.83410,1.00000,212.90050,133.51604,230.31958,210.57080,1.00000,279.31133,131.31261
146.38462,1.00000,1.00000,242.34645,300.02261,188.10382,150.97693,1.00000,192.66520,249.85945,1.00000,120.01394,1.00000,226.60481,106.51734,222.32218,201.35891,1.00000,332.02196,95.77916
166.51980,1.00000,1.00000,252.80023,260.39895,292.36257,148.33437,1.00000,208.00102,257.09537,1.00000,104.27774,1.00000,327.67376,131.40272,210.37866,171.18255,1.00000,223.77913,93.83836
113.47767,1.00000,1.00000,257.30815,247.01368,254.55667,149.16757,1.00000,276.48947,258.79740,1.00000,111.69114,1.00000,315.92211,121.98079,192.30716,242.71556,1.00000,257.00421,123.95910
129.11392,1.00000,1.00000,305.29641,207.57192,242.72634,122.82287,1.00000,217.40913,292.31900,1.00000,140.40203,1.00000,277.95893,157.07985,237.08557,208.65244,1.00000,240.39437,110.25759
128.94023,1.00000,1.00000,206.65207,248.15327,331.13795,190.32203,1.00000,234.76395,233.36908,1.00000,100.15749,1.00000,297.77717,137.71363,189.77128,182.21399,1.00000,230.30069,121.17195
177.81984,1.00000,1.00000,235.16179,274.02169,280.54026,122.02762,1.00000,192.58962,303.17790,1.00000,128.56004,1.00000,286.98993,134.51800,189.84728,257.68553,1.00000,231.04885,82.62890
130.40630,1.00000,1.00000,293.81006,214.56085,284.48998,165.41025,1.00000,210.62260,231.74858,1.00000,130.95528,1.00000,250.14148,115.32369,166.99986,185.39125,1.00000,212.47498,97.92925
151.41803,1.00000,1.00000,312.08154,296.02287,326.58528,168.37778,1.00000,190.90289,309.65615,1.00000,99.58166,1.00000,297.76868,133.15674,221.36999,154.11367,1.00000,240.27935,104.94275
157.34491,1.00000,1.00000,253.78120,245.09590,221.04473,186.01510,1.00000,150.70938,318.25992,1.00000,110.45219,1.00000,315.64622,115.81621,180.90601,198.91290,1.00000,298.89689,121.14288
139.70197,1.00000,1.00000,301.15430,284.04562,191.86337,107.65436,1.00000,212.45533,283.28998,1.00000,141.89110,1.00000,248.66916,127.11425,138.92398,239.41864,1.00000,328.11186,111.14232
160.41388,1.00000,1.00000,206.43617,265.77272,221.79887,108.83310,1.00000,211.11791,264.50082,1.00000,97.46281,1.00000,287.34504,130.92995,205.14492,189.78508,1.00000,310.39978,133.63738
168.41410,1.00000,1.00000,282.35795,200.44714,271.87358,132.10734,1.00000,211.38609,284.57687,1.00000,126.39675,1.00000,267.51563,131.95471,220.57639,201.35049,1.00000,260.64078,111.32694
162.65363,1.00000,1.00000,277.26473,148.58205,271.95854,129.31831,1.00000,208.56628,327.22624,1.00000,135.14836,1.00000,181.75524,109.14497,178.35525,194.67791,1.00000,251.31333,140.17350
150.25309,1.00000,1.00000,316.10870,239.09444,301.16178,132.16544,1.00000,224.08327,294.08422,1.00000,114.13393,1.00000,211.93030,95.46803,218.82691,221.67806,1.00000,258.28099,91.66333
136.67057,1.00000,1.00000,312.98810,256.04985,202.74689,132.57432,1.00000,211.95033,321.37681,1.00000,100.87068,1.00000,268.91850,132.37772,259.74987,254.39609,1.00000,235.56914,104.33770
155.98643,1.00000,1.00000,267.23660,219.82921,291.46633,110.58649,1.00000,211.60547,325.18241,1.00000,131.46501,1.00000,319.52597,135.95468,266.17345,215.39263,1.00000,291.58446,101.25011
177.71633,1.00000,1.00000,233.72895,270.45895,282.31396,159.57132,1.00000,129.85479,326.63583,1.00000,135.16041,1.00000,248.37288,141.82461,191.62529,217.78896,1.00000,273.76905,133.94887
121.29814,1.00000,1.00000,284.70185,172.34301,231.65960,143.39046,1.00000,149.52804,325.02452,1.00000,117.60999,1.00000,253.68134,122.31520,116.11634,211.88099,1.00000,283.89143,117.45666
165.38389,1.00000,1.00000,233.48155,186.68745,312.50343,167.49796,1.00000,193.98848,298.56340,1.00000,96.56961,1.00000,204.61787,141.34949,139.94432,240.19822,1.00000,248.27464,118.20646
155.89055,1.00000,1.00000,271.97189,261.94734,310.87995,153.90177,1.00000,119.22074,324.86595,1.00000,123.63460,1.00000,287.90927,114.57346,189.20780,219.57997,1.00000,306.69593,110.01226
160.81165,1.00000,1.00000,264.47545,272.65412,206.48606,123.18445,1.00000,215.58032,291.55410,1.00000,105.01660,1.00000,296.85386,130.66683,243.39632,209.65145,1.00000,289.49868,112.87470
129.99175,1.00000,1.00000,239.33240,231.88138,298.07320,177.08782,1.00000,173.36444,316.68787,1.00000,129.14407,1.00000,268.80816,94.86328,220.68229,172.06036,1.00000,271.00690,124.32902
128.11486,1.00000,1.00000,255.59708,293.97647,260.10925,141.92332,1.00000,192.00951,334.09940,1.00000,134.70160,1.00000,264.12446,125.06151,203.15583,196.15165,1.00000,300.00451,113.74317
176.88701,1.00000,1.00000,349.10136,229.48633,251.86170,149.06084,1.00000,215.63230,263.80949,1.00000,109.95655,1.00000,243.42004,115.98493,240.15457,212.02688,1.00000,282.82098,101.02881
174.64492,1.00000,1.00000,234.01929,243.67393,240.16650,170.13086,1.00000,244.50771,343.73197,1.00000,124.79422,1.00000,278.47781,92.31739,250.07986,225.68700,1.00000,275.92795,114.65630
150.96730,1.00000,1.00000,280.15593,245.86529,282.41652,131.48648,1.00000,261.47312,237.50362,1.00000,105.75526,1.00000,289.51728,125.54534,203.56644,232.29657,1.00000,306.31875,124.19537
139.65750,1.00000,1.00000,277.80646,258.56014,289.25895,165.90273,1.00000,223.71265,311.40532,1.00000,117.55496,1.00000,236.01996,106.20084,242.79451,200.58730,1.00000,233.80926,125.52077
126.42193,1.00000,1.00000,216.11852,268.75513,266.09422,149.22118,1.00000,188.51613,289.80856,1.00000,125.91930,1.00000,286.97413,130.12298,172.07853,234.60113,1.00000,281.34714,118.33972
157.29110,1.00000,1.00000,246.41719,192.21476,225.74179,120.77121,1.00000,202.84611,313.60128,1.00000,118.56332,1.00000,266.29907,136.47716,222.11778,212.08770,1.00000,271.07809,126.09952
123.34230,1.00000,1.00000,230.02585,264.51721,304.96119,162.15708,1.00000,220.10706,271.30203,1.00000,118.71452,1.00000,282.71927,97.82285,232.64364,245.26191,1.00000,232.28774,104.32361
143.81150,1.00000,1.00000,257.84985,268.34775,297.87227,132.01619,1.00000,181.12301,247.22045,1.00000,130.40521,1.00000,208.21958,107.67917,249.81139,221.31833,1.00000,268.10646,132.99150
178.75288,1.00000,1.00000,315.69424,257.29573,276.34960,172.56878,1.00000,225.95972,317.77013,1.00000,141.90017,1.00000,318.36062,135.11261,263.99915,169.73100,1.00000,306.86478,119.59671
165.25601,1.00000,1.00000,212.83983,326.41504,373.54103,151.86660,1.00000,201.94431,238.76326,1.00000,113.67179,1.00000,325.75090,122.01169,215.78640,259.48844,1.00000,286.56020,146.65979
149.28516,1.00000,1.00000,287.87336,292.17341,285.47706,179.00679,1.00000,182.35225,298.17418,1.00000,88.75024,1.00000,216.49311,116.56506,186.64707,270.63555,1.00000,222.38558,103.43735
183.01971,1.00000,1.00000,249.22661,282.55560,322.58936,113.79776,1.00000,207.01760,284.25827,1.00000,108.44029,1.00000,350.09738,98.14302,194.01646,230.35004,1.00000,209.36810,113.84599
133.80077,1.00000,1.00000,325.67424,203.10461,252.09760,182.86412,1.00000,197.91101,289.26040,1.00000,125.60281,1.00000,193.30443,131.94825,180.11227,251.89499,1.00000,259.44228,91.41116
141.50707,1.00000,1.00000,283.88453,284.88049,228.27250,139.79345,1.00000,157.79674,252.69611,1.00000,118.01921,1.00000,317.24641,131.18687,190.81436,210.83019,1.00000,212.56603,128.88864
126.28713,1.00000,1.00000,292.28796,224.99970,195.15616,156.89232,1.00000,184.93698,293.18258,1.00000,106.78988,1.00000,277.61885,126.87502,183.14488,205.53429,1.00000,212.85815,116.84181
144.69863,1.00000,1.00000,242.02180,210.60030,180.48636,160.72050,1.00000,228.13592,330.26318,1.00000,101.48685,1.00000,189.38604,93.61986,216.34829,187.47644,1.00000,151.67722,129.97151
124.38699,1.00000,1.00000,268.82174,230.50640,297.69906,172.74863,1.00000,206.41217,303.98654,1.00000,104.62934,1.00000,278.14408,130.57761,229.31110,158.40469,1.00000,225.20998,129.64314
170.74595,1.00000,1.00000,248.56213,290.83996,253.00730,154.66823,1.00000,224.14820,306.85116,1.00000,102.98412,1.00000,230.45824,115.58851,215.81926,210.91432,1.00000,300.79220,121.19130
146.96665,1.00000,1.00000,314.94210,284.04972,274.87864,138.41269,1.00000,193.40063,324.18921,1.00000,134.34988,1.00000,245.09602,147.87237,210.97731,213.37412,1.00000,238.07156,141.35925
118.26442,1.00000,1.00000,266.63332,213.06072,230.74261,161.92237,1.00000,205.10127,284.97563,1.00000,116.00513,1.00000,181.68467,117.56496,224.24572,175.01616,1.00000,297.72832,104.15974
164.19150,1.00000,1.00000,301.15790,283.85728,277.76119,146.71084,1.00000,224.57213,321.41784,1.00000,93.84326,1.00000,258.62177,144.84988,216.34242,232.37176,1.00000,258.52660,135.56922
148.03483,1.00000,1.00000,248.88281,181.00412,230.95197,142.46652,1.00000,220.72488,273.00777,1.00000,97.24963,1.00000,251.08345,124.06588,198.22345,199.90134,1.00000,263.36285,117.49305
190.23546,1.00000,1.00000,266.24018,253.85477,319.49402,160.01081,1.00000,206.51900,292.79087,1.00000,97.84334,1.00000,206.85599,121.14694,207.56908,229.89725,1.00000,257.36920,116.54349
106.35981,1.00000,1.00000,230.95896,341.85610,271.06086,129.55617,1.00000,236.94206,275.80740,1.00000,125.39213,1.00000,256.05508,117.54874,210.87584,221.79263,1.00000,268.78357,93.45715
146.66168,1.00000,1.00000,283.12380,251.10574,303.54405,142.00603,1.00000,187.44588,284.85109,1.00000,97.97963,1.00000,336.38083,104.35526,155.28857,201.65771,1.00000,310.68087,110.21822
104.15128,1.00000,1.00000,265.60252,258.34941,275.45999,184.94515,1.00000,189.96941,273.38385,1.00000,105.64967,1.00000,220.29006,107.03186,186.44709,194.42716,1.00000,236.77473,89.40147
172.78430,1.00000,1.00000,326.23793,272.92506,225.32787,152.31932,1.00000,127.04066,284.59429,1.00000,129.98093,1.00000,280.19534,122.56577,200.45049,193.13335,1.00000,290.19409,71.54835
151.65265,1.00000,1.00000,277.67718,299.80513,276.01252,118.12461,1.00000,255.40599,238.83803,1.00000,98.97230,1.00000,265.03986,112.33167,234.62900,198.45391,1.00000,287.06733,96.92795
155.17728,1.00000,1.00000,279.29467,262.62354,313.74728,150.69363,1.00000,253.18188,341.88755,1.00000,96.53554,1.00000,302.70235,156.04818,195.54544,234.41329,1.00000,313.13711,82.18107
193.82176,1.00000,1.00000,336.04098,297.27667,261.72552,128.48922,1.00000,241.21667,343.09470,1.00000,120.20683,1.00000,223.65055,159.35937,198.44037,190.93620,1.00000,221.90790,127.31318
141.11745,1.00000,1.00000,231.76399,231.78002,313.93427,148.49060,1.00000,192.85114,233.89436,1.00000,121.25861,1.00000,260.41420,118.22744,222.70396,227.27374,1.00000,177.17456,114.00343
149.48492,1.00000,1.00000,271.66096,306.82066,321.52369,159.69594,1.00000,129.20692,340.98569,1.00000,133.53138,1.00000,348.18034,109.03527,170.85920,151.53253,1.00000,253.37629,97.71894
144.11537,1.00000,1.00000,263.30845,324.64269,256.14964,167.85080,1.00000,181.69820,236.79009,1.00000,111.67072,1.00000,243.80594,99.82322,207.08740,239.32503,1.00000,168.10057,123.98182
163.78282,1.00000,1.00000,291.73780,272.39228,220.19784,162.88840,1.00000,189.63023,234.14141,1.00000,91.63535,1.00000,300.74456,124.95367,219.86151,244.28870,1.00000,289.83809,126.97178
202.03177,1.00000,1.00000,301.33015,279.04332,318.71027,154.15294,1.00000,159.86482,334.40956,1.00000,114.59316,1.00000,287.59187,131.94539,163.22938,186.44488,1.00000,259.36221,125.46149
139.89817,1.00000,1.00000,272.97120,257.21108,302.47684,145.70250,1.00000,188.41974,193.19037,1.00000,113.70895,1.00000,270.25591,123.07818,163.70326,222.13482,1.00000,193.79429,115.27218
112.98969,1.00000,1.00000,265.51420,322.71498,184.26463,132.02155,1.00000,203.58470,301.78387,1.00000,123.89265,1.00000,224.14471,126.36192,188.49287,155.50746,1.00000,218.56635,115.20866
131.92186,1.00000,1.00000,349.79243,225.12238,293.36624,117.89562,1.00000,271.22508,350.56090,1.00000,139.50330,1.00000,223.88372,94.26897,200.00686,209.41501,1.00000,290.71232,128.90969
160.37972,1.00000,1.00000,363.44427,317.96533,209.40509,168.57483,1.00000,178.69776,262.65311,1.00000,129.58159,1.00000,280.57078,134.12828,173.84120,236.00886,1.00000,271.28431,95.05720
155.85378,1.00000,1.00000,259.82756,246.58525,324.17606,190.35941,1.00000,223.29737,368.79024,1.00000,85.62803,1.00000,263.22942,126.38377,233.76744,236.54397,1.00000,355.03772,141.02316
188.57448,1.00000,1.00000,244.02135,273.54090,336.74103,137.33842,1.00000,223.11768,291.55426,1.00000,114.18072,1.00000,276.77035,86.80154,165.31438,218.73296,1.00000,249.34127,110.57098
148.35494,1.00000,1.00000,296.86482,242.04630,246.42152,125.88853,1.00000,184.82987,333.74708,1.00000,124.87121,1.00000,224.04021,134.32758,225.91488,228.97217,1.00000,251.54991,133.59635
140.42010,1.00000,1.00000,287.04074,221.47009,265.32818,136.83826,1.00000,246.64689,263.25823,1.00000,108.71131,1.00000,237.75777,120.67513,183.90074,268.26106,1.00000,288.42984,124.23487
102.63236,1.00000,1.00000,259.04774,286.96574,252.63667,130.69554,1.00000,229.26374,330.53839,1.00000,113.23510,1.00000,245.74028,105.86710,207.82604,146.49156,1.00000,252.19765,115.36989
124.24591,1.00000,1.00000,260.11486,225.35040,281.92096,163.82398,1.00000,182.14493,337.42280,1.00000,115.85703,1.00000,266.80175,117.39666,238.61688,208.06135,1.00000,294.88651,91.19502
136.22666,1.00000,1.00000,240.60458,266.68771,260.92907,150.31202,1.00000,173.66410,307.27173,1.00000,107.92274,1.00000,287.04220,112.15714,172.24441,252.66151,1.00000,285.33128,101.51084
208.48987,1.00000,1.00000,315.04434,261.66429,251.91201,133.69974,1.00000,245.71562,284.17025,1.00000,106.54268,1.00000,208.59961,104.59541,211.06994,218.29954,1.00000,283.55432,97.16865
144.89405,1.00000,1.00000,213.83938,253.26874,275.77089,171.96746,1.00000,239.97840,271.84657,1.00000,66.71739,1.00000,291.44870,95.83628,207.41658,204.52998,1.00000,287.16258,99.54802
138.84875,1.00000,1.00000,223.43111,207.59998,262.95420,153.92946,1.00000,232.97206,319.41677,1.00000,105.97647,1.00000,262.34761,101.94371,203.81338,162.56081,1.00000,257.49396,105.70620
148.43997,1.00000,1.00000,209.07002,228.50051,222.53233,147.56517,1.00000,154.81599,188.49206,1.00000,124.99695,1.00000,252.35905,141.53420,195.42857,180.90098,1.00000,282.35518,102.36568
147.50759,1.00000,1.00000,225.53071,274.53978,244.15494,128.18581,1.00000,257.54052,245.76559,1.00000,102.71086,1.00000,231.11705,123.70726,230.08840,233.77150,1.00000,183.05261,120.49684
123.74059,1.00000,1.00000,247.01388,218.19828,243.54790,141.65213,1.00000,165.30508,288.78631,1.00000,106.97892,1.00000,207.61683,102.44241,163.22860,203.47710,1.00000,257.09591,115.09757
126.73452,1.00000,1.00000,225.40463,237.92303,219.55370,143.78591,1.00000,226.52576,351.07505,1.00000,96.05526,1.00000,158.88903,112.07640,230.94173,205.29598,1.00000,202.38922,138.04257
138.61983,1.00000,1.00000,274.34238,208.56350,300.24827,157.63137,1.00000,222.05720,284.04687,1.00000,122.74404,1.00000,258.91900,92.50642,243.22832,216.75876,1.00000,256.42556,101.29526
150.15018,1.00000,1.00000,278.13031,196.18677,250.98373,144.74346,1.00000,183.62382,343.09228,1.00000,126.51564,1.00000,193.73493,115.97473,225.15074,239.12318,1.00000,227.40922,98.25527
136.85827,1.00000,1.00000,334.87080,208.48416,263.16000,137.57180,1.00000,272.55432,281.80166,1.00000,137.09221,1.00000,328.71510,133.55960,220.45551,244.99884,1.00000,264.79223,104.73429
156.58891,1.00000,1.00000,261.75009,285.68125,236.16535,182.98236,1.00000,194.79721,287.72795,1.00000,127.60902,1.00000,249.86593,99.12264,161.06585,201.71331,1.00000,265.44123,80.42288
118.87299,1.00000,1.00000,232.96354,266.50901,226.88443,137.64431,1.00000,223.08651,326.79083,1.00000,102.22512,1.00000,293.52977,117.36274,178.68151,162.79123,1.00000,253.34332,87.07347
145.02256,1.00000,1.00000,303.00510,271.62051,297.28885,148.00790,1.00000,205.26722,223.71278,1.00000,133.98607,1.00000,207.02829,133.38573,214.14124,243.99302,1.00000,189.11961,126.46766
133.65729,1.00000,1.00000,267.54785,302.29992,347.72292,137.05795,1.00000,228.94870,364.53348,1.00000,100.51658,1.00000,281.68458,127.49125,180.60137,167.41032,1.00000,184.77811,100.05271
148.97659,1.00000,1.00000,252.71381,276.62400,234.09628,139.65480,1.00000,234.50562,296.12147,1.00000,104.53348,1.00000,233.24551,105.70218,146.34175,166.41215,1.00000,255.57061,121.12941
114.05810,1.00000,1.00000,261.57680,303.71739,322.60831,137.01406,1.00000,204.00347,312.89705,1.00000,82.18687,1.00000,223.30688,156.25671,253.53526,250.99060,1.00000,208.93272,120.20968
149.09267,1.00000,1.00000,309.07421,265.81615,254.95926,180.37343,1.00000,196.72578,394.73299,1.00000,96.46844,1.00000,325.15859,143.13660,222.77754,213.88369,1.00000,328.85234,87.96160
127.77359,1.00000,1.00000,243.50066,330.64778,293.05332,202.70649,1.00000,206.74522,268.82507,1.00000,119.11987,1.00000,275.31050,86.76338,207.20883,263.27929,1.00000,324.26281,97.93386
160.03545,1.00000,1.00000,235.43809,194.68013,303.32645,141.46785,1.00000,154.74764,296.75030,1.00000,122.60784,1.00000,287.53173,108.37665,196.39483,215.18883,1.00000,303.26069,104.74680
147.97526,1.00000,1.00000,277.88469,241.57771,251.80376,154.91013,1.00000,165.07798,270.31586,1.00000,112.21488,1.00000,268.15980,108.60660,193.35603,187.76980,1.00000,237.30535,105.24756
186.39896,1.00000,1.00000,275.04413,180.66553,230.56196,137.52502,1.00000,271.38537,348.37601,1.00000,110.34851,1.00000,207.94759,116.46969,195.65459,231.86764,1.00000,292.50824,128.09035
165.73012,1.00000,1.00000,201.14416,215.51272,248.23071,148.26170,1.00000,187.49903,309.76684,1.00000,95.30098,1.00000,261.37763,100.81765,221.16573,221.85110,1.00000,344.15213,120.38156
143.32370,1.00000,1.00000,246.26326,210.16553,234.55392,175.21000,1.00000,173.70156,297.88945,1.00000,115.79957,1.00000,303.16410,139.21515,204.99078,205.41729,1.00000,293.48510,107.56979
158.22449,1.00000,1.00000,254.49860,277.01147,234.75770,138.23931,1.00000,189.60449,235.30918,1.00000,124.32194,1.00000,343.16993,137.47852,237.20460,229.89916,1.00000,236.08591,123.02374
134.52108,1.00000,1.00000,255.95465,220.80199,139.75167,149.52313,1.00000,234.63394,351.41767,1.00000,107.43281,1.00000,313.60467,119.83607,186.77492,204.32273,1.00000,213.18749,88.65564
132.44744,1.00000,1.00000,240.61213,207.83585,278.99193,183.85365,1.00000,216.74348,327.09839,1.00000,82.22600,1.00000,226.77338,76.04706,221.64839,155.13672,1.00000,277.01961,131.72280
174.46168,1.00000,1.00000,263.50611,251.88645,276.48055,197.78702,1.00000,174.46063,253.14468,1.00000,84.20412,1.00000,311.99633,110.46306,188.72630,190.05728,1.00000,232.82542,105.46585
135.23854,1.00000,1.00000,229.47885,234.64148,309.98234,148.76684,1.00000,177.24483,305.81588,1.00000,122.33545,1.00000,222.65835,148.00768,186.69134,222.45505,1.00000,289.36251,104.70153
171.75067,1.00000,1.00000,252.71424,227.50837,259.81470,200.73547,1.00000,196.37218,220.69295,1.00000,123.94450,1.00000,318.37759,114.59897,254.83426,171.38531,1.00000,290.43996,126.59373
122.17734,1.00000,1.00000,221.70347,215.98131,331.66727,140.93734,1.00000,240.98863,342.72881,1.00000,100.09318,1.00000,242.26493,106.87380,154.77315,215.84190,1.00000,226.65731,114.78903
111.23983,1.00000,1.00000,281.01971,257.59761,305.37739,141.61880,1.00000,179.20926,231.85546,1.00000,123.95678,1.00000,307.12280,101.90386,207.29750,182.91986,1.00000,206.99282,120.58554
115.28274,1.00000,1.00000,268.49373,271.58921,254.29860,119.82572,1.00000,239.21663,327.22549,1.00000,126.29065,1.00000,265.46876,151.88252,153.04675,206.45536,1.00000,275.93589,115.22213
135.02208,1.00000,1.00000,269.07631,307.81726,295.93201,138.16437,1.00000,204.34053,363.51445,1.00000,135.89885,1.00000,236.47901,107.11018,205.21133,263.34080,1.00000,235.50748,100.10998
150.89961,1.00000,1.00000,217.87137,273.35580,390.56889,172.81713,1.00000,206.75066,264.88098,1.00000,98.68677,1.00000,257.79507,113.64724,157.69444,206.86480,1.00000,282.95581,112.66852
136.52514,1.00000,1.00000,239.19065,319.40340,222.95010,195.69221,1.00000,174.13339,316.79027,1.00000,112.02927,1.00000,182.70524,120.02210,206.40986,201.16283,1.00000,209.10432,134.92678
120.92086,1.00000,1.00000,285.01670,268.17092,268.94155,141.01919,1.00000,151.07381,262.43104,1.00000,84.49346,1.00000,220.46120,109.77793,207.16491,200.69725,1.00000,289.72734,140.88180
116.02573,1.00000,1.00000,178.25970,198.11248,294.47510,125.98697,1.00000,177.66604,274.67137,1.00000,114.65356,1.00000,307.63821,153.63804,155.85256,186.35394,1.00000,243.79822,126.31425
152.62385,1.00000,1.00000,227.69202,232.97890,309.51233,118.10128,1.00000,206.09936,374.68951,1.00000,113.07356,1.00000,255.63236,69.77268,251.77684,157.37623,1.00000,260.99927,86.83165
176.15481,1.00000,1.00000,272.16436,236.08574,221.64248,167.15419,1.00000,180.35107,293.09824,1.00000,76.14717,1.00000,219.36404,96.11202,238.88678,177.32498,1.00000,275.64852,109.83448
142.81629,1.00000,1.00000,237.31815,253.35959,207.19997,126.22932,1.00000,202.80725,235.73917,1.00000,117.32561,1.00000,162.88392,109.35862,164.30612,191.62774,1.00000,282.85281,120.71982
119.40176,1.00000,1.00000,261.75054,250.44732,303.24796,134.19051,1.00000,231.55116,255.54728,1.00000,119.81297,1.00000,272.54869,122.49894,147.23706,216.64223,1.00000,258.46044,125.41912
145.01958,1.00000,1.00000,169.44902,244.48180,275.08459,150.74417,1.00000,171.32457,278.57339,1.00000,98.34907,1.00000,275.62618,118.82492,218.84329,197.57440,1.00000,248.06052,72.96520
136.23119,1.00000,1.00000,222.90250,195.91938,251.67431,138.66841,1.00000,162.03976,263.00052,1.00000,114.63130,1.00000,172.01877,128.75184,222.52161,181.53725,1.00000,271.38046,113.88657
142.50961,1.00000,1.00000,255.57953,366.83757,186.68752,177.62957,1.00000,218.74613,351.72089,1.00000,104.19100,1.00000,259.12049,126.65859,147.08131,278.80318,1.00000,319.59781,120.49283
147.42403,1.00000,1.00000,250.20388,252.83128,273.37921,141.35234,1.00000,146.40111,280.51836,1.00000,118.86932,1.00000,238.69897,123.60650,174.60874,250.91918,1.00000,313.15682,120.56628
130.95777,1.00000,1.00000,336.40389,194.43005,322.03525,135.59184,1.00000,204.70794,283.55613,1.00000,92.26957,1.00000,248.37540,118.38508,191.95981,254.22415,1.00000,248.13292,88.10811
180.00736,1.00000,1.00000,391.28582,222.56751,319.89111,154.60932,1.00000,176.96301,333.02198,1.00000,104.30141,1.00000,310.91249,132.92336,175.43766,219.39274,1.00000,259.93745,123.27559
127.01593,1.00000,1.00000,279.18666,277.76120,261.03161,154.12635,1.00000,227.92633,326.49784,1.00000,123.16570,1.00000,222.23266,112.32105,205.31117,237.21788,1.00000,212.78991,106.90345
124.11878,1.00000,1.00000,333.26901,286.77857,218.51560,157.69930,1.00000,186.70424,218.34597,1.00000,99.01597,1.00000,256.34297,127.13735,228.90502,200.64093,1.00000,239.69868,87.12996
141.72103,1.00000,1.00000,249.66650,162.68182,269.13370,136.91105,1.00000,200.41956,290.20034,1.00000,97.33968,1.00000,229.87792,138.90855,182.16437,214.15844,1.00000,265.75289,106.59578
138.51901,1.00000,1.00000,272.57490,265.81207,264.03086,185.47437,1.00000,209.42808,336.56213,1.00000,123.86651,1.00000,201.66408,115.58108,201.48035,215.53610,1.00000,248.55872,119.01434
143.69999,1.00000,1.00000,208.19696,223.84954,168.42093,99.26625,1.00000,191.46642,306.60773,1.00000,117.88393,1.00000,297.91186,129.44107,139.00237,243.16224,1.00000,286.82946,93.42305
143.60331,1.00000,1.00000,261.79805,262.98080,228.10694,159.15113,1.00000,208.76769,363.17947,1.00000,140.21220,1.00000,293.88231,118.44000,195.00711,198.83450,1.00000,288.38131,94.65433
145.57027,1.00000,1.00000,272.43534,285.67704,285.18498,157.38821,1.00000,227.84127,290.54740,1.00000,77.42010,1.00000,299.66141,119.16105,195.39428,219.95494,1.00000,245.48647,127.62343
134.15302,1.00000,1.00000,218.51225,240.43472,290.76285,120.36464,1.00000,163.10241,341.67770,1.00000,128.61551,1.00000,224.36046,106.41475,196.70391,225.18179,1.00000,234.30942,114.15388
123.33557,1.00000,1.00000,298.17000,300.86395,288.92933,156.40375,1.00000,193.72662,323.00834,1.00000,107.84852,1.00000,289.97642,110.10248,182.97919,188.72260,1.00000,296.04452,100.04415
134.45560,1.00000,1.00000,215.70668,298.80426,219.09795,151.61549,1.00000,182.95588,273.68966,1.00000,130.76270,1.00000,245.07891,122.03532,158.57417,226.08769,1.00000,216.07673,110.13008
151.21610,1.00000,1.00000,326.92550,341.80476,233.05576,149.76650,1.00000,226.45207,338.67747,1.00000,144.85989,1.00000,239.15593,123.43435,188.52850,220.55162,1.00000,306.34463,96.36269
139.60442,1.00000,1.00000,291.00007,222.98040,280.92541,98.35724,1.00000,185.02147,252.09614,1.00000,102.94174,1.00000,170.83561,117.81639,216.89268,223.71359,1.00000,281.73812,104.72856
159.27329,1.00000,1.00000,313.71322,231.05982,309.11517,177.54912,1.00000,176.69440,313.52226,1.00000,106.65273,1.00000,237.98264,134.91898,196.87783,221.14879,1.00000,221.07557,126.09369
139.27925,1.00000,1.00000,275.60900,239.60958,359.36128,134.44831,1.00000,228.91962,287.25053,1.00000,136.76947,1.00000,262.48813,112.53888,209.08204,203.10047,1.00000,242.87970,94.22281
161.20987,1.00000,1.00000,370.06143,263.79789,292.99287,130.17666,1.00000,208.84329,271.04543,1.00000,109.63875,1.00000,325.49100,110.87975,197.52094,172.59973,1.00000,274.35025,107.04258
157.46892,1.00000,1.00000,292.97451,244.06042,253.02306,122.25591,1.00000,165.34711,283.61692,1.00000,98.23410,1.00000,281.48797,128.39068,194.31162,188.56201,1.00000,288.96711,116.94440
173.83582,1.00000,1.00000,226.72498,222.79717,270.56822,171.86293,1.00000,231.42347,278.82509,1.00000,118.95553,1.00000,295.08124,139.25645,184.97936,209.54743,1.00000,239.55532,105.75063
122.53989,1.00000,1.00000,310.02401,257.32014,276.93140,140.77366,1.00000,177.58582,334.32678,1.00000,111.57899,1.00000,307.65318,135.17691,200.71387,173.89306,1.00000,256.76910,94.39375
130.05009,1.00000,1.00000,235.48200,309.55217,319.70184,143.37046,1.00000,213.10529,344.09089,1.00000,111.41819,1.00000,324.92594,87.54573,194.42032,199.60567,1.00000,234.70568,100.80997
168.01947,1.00000,1.00000,260.68570,309.73068,205.38309,143.89182,1.00000,250.58067,266.37422,1.00000,139.56609,1.00000,335.47094,115.31169,195.50149,189.08294,1.00000,233.08971,107.38455
168.73533,1.00000,1.00000,243.79097,270.96055,268.76913,159.46215,1.00000,166.62147,318.06215,1.00000,144.08483,1.00000,226.86014,99.79862,213.26312,186.27006,1.00000,300.28462,95.71849
151.26553,1.00000,1.00000,335.39010,284.14057,226.84135,133.02727,1.00000,207.67935,253.68872,1.00000,123.32539,1.00000,195.12428,122.29344,276.54116,186.08982,1.00000,226.41146,103.34930
144.61705,1.00000,1.00000,271.72643,212.34338,268.71806,136.99004,1.00000,179.24058,356.87366,1.00000,105.98122,1.00000,301.47280,113.55397,200.72644,244.17463,1.00000,283.97669,78.71663
156.87199,1.00000,1.00000,299.54591,262.87042,253.48965,130.24212,1.00000,223.15306,326.53057,1.00000,108.56488,1.00000,196.40865,126.36229,203.40647,210.88169,1.00000,253.29245,107.42655
142.43688,1.00000,1.00000,279.84640,229.30111,196.73120,141.18068,1.00000,160.49309,368.87956,1.00000,118.66340,1.00000,250.95715,112.45356,235.79729,166.49186,1.00000,241.66529,126.30701
155.81410,1.00000,1.00000,262.75060,229.10099,374.55221,115.01839,1.00000,191.04635,205.40406,1.00000,103.51840,1.00000,262.14954,117.04066,189.63135,234.10398,1.00000,231.66603,116.73068
121.40761,1.00000,1.00000,252.91856,238.40844,175.05583,173.73820,1.00000,241.61747,406.58215,1.00000,96.21493,1.00000,300.37858,95.52572,247.25369,171.21839,1.00000,274.60350,118.95334
131.79907,1.00000,1.00000,277.29091,283.88396,261.66672,138.96256,1.00000,166.98744,244.15098,1.00000,115.01443,1.00000,335.82336,109.89235,186.20302,235.34269,1.00000,252.84840,126.35123
154.28173,1.00000,1.00000,290.42754,233.87445,294.89650,156.22597,1.00000,251.46854,302.80088,1.00000,99.46378,1.00000,270.18559,113.47365,185.90264,187.70243,1.00000,334.07133,91.12098
143.56990,1.00000,1.00000,310.90980,231.95829,242.87524,153.90657,1.00000,173.34184,320.29981,1.00000,122.11097,1.00000,172.71664,100.89455,187.92273,201.75962,1.00000,242.82293,121.75727
125.53340,1.00000,1.00000,254.81630,236.87467,308.50293,162.99901,1.00000,222.92192,329.95913,1.00000,111.37764,1.00000,302.31977,115.03458,221.41083,253.74206,1.00000,266.75297,132.80921
149.45596,1.00000,1.00000,280.73101,297.84788,291.39105,161.54961,1.00000,217.91245,267.46020,1.00000,113.66641,1.00000,290.29959,125.83744,161.71019,182.89080,1.00000,299.00417,120.49920
135.35837,1.00000,1.00000,275.71678,267.28426,298.01154,147.70509,1.00000,208.97180,257.25811,1.00000,117.24603,1.00000,299.63862,126.58997,157.10253,206.44536,1.00000,194.53999,87.98608
153.94325,1.00000,1.00000,286.83574,325.15532,249.40964,130.44942,1.00000,206.56222,209.60522,1.00000,98.30101,1.00000,277.81655,121.00758,167.46236,234.29278,1.00000,234.06420,100.37774
151.91655,1.00000,1.00000,257.25708,252.32272,310.68298,128.82658,1.00000,204.17050,309.60797,1.00000,128.65204,1.00000,228.39365,115.79439,161.90366,275.53144,1.00000,245.56811,93.80681
204.13935,1.00000,1.00000,253.22784,230.12316,229.69025,115.44610,1.00000,209.94640,297.07659,1.00000,98.75806,1.00000,262.21715,111.00068,184.61442,197.67062,1.00000,211.79963,100.61358
179.97616,1.00000,1.00000,236.94386,236.29730,260.90988,186.24760,1.00000,187.00855,277.53483,1.00000,109.20863,1.00000,284.11856,133.71299,159.21335,232.58795,1.00000,286.11686,84.14076
159.07204,1.00000,1.00000,331.14779,296.70510,247.64806,144.72707,1.00000,236.56466,311.86961,1.00000,132.74097,1.00000,268.21223,83.58346,215.02877,229.98349,1.00000,189.83752,118.30679
144.23284,1.00000,1.00000,303.79388,234.63054,246.71023,174.91614,1.00000,199.93450,249.72456,1.00000,103.51105,1.00000,264.56108,121.14361,243.00868,165.22624,1.00000,255.61201,112.30479
136.42165,1.00000,1.00000,320.37952,248.74057,233.98080,132.17731,1.00000,173.76710,273.36396,1.00000,122.49920,1.00000,218.59637,101.35880,163.81881,181.69840,1.00000,205.09833,95.85441
160.04778,1.00000,1.00000,258.80589,197.83552,206.69141,151.55335,1.00000,151.32174,269.74252,1.00000,123.64365,1.00000,313.88934,139.34771,160.21422,221.71054,1.00000,254.06292,93.47552
138.40046,1.00000,1.00000,306.59429,288.26457,290.01630,129.50209,1.00000,198.82525,293.62736,1.00000,127.03464,1.00000,333.69377,113.89541,204.65350,190.69442,1.00000,301.59098,78.13496
152.98780,1.00000,1.00000,309.09853,253.75917,289.59784,146.21283,1.00000,207.25602,273.59335,1.00000,87.77270,1.00000,344.85710,116.49826,182.38439,198.27801,1.00000,268.50764,130.71494
175.29900,1.00000,1.00000,274.67795,254.18549,299.67342,158.26267,1.00000,114.81105,272.01489,1.00000,136.93158,1.00000,234.63948,111.88650,216.41942,189.01781,1.00000,334.53250,148.65093
118.93952,1.00000,1.00000,245.82602,272.07085,226.77341,123.16367,1.00000,187.42202,244.21104,1.00000,104.67619,1.00000,289.37811,141.95785,205.72389,238.33492,1.00000,281.23090,109.62699
140.68147,1.00000,1.00000,276.17851,218.72232,234.37751,147.55487,1.00000,201.07323,267.24263,1.00000,132.56409,1.00000,286.04962,125.22000,224.57405,202.12964,1.00000,286.53024,146.85942
163.95490,1.00000,1.00000,263.79722,285.09794,266.60227,157.15202,1.00000,262.12234,301.62218,1.00000,126.48788,1.00000,272.72785,123.05404,200.51382,151.32153,1.00000,262.85754,131.09378
160.42237,1.00000,1.00000,212.87743,239.84909,283.73556,173.06615,1.00000,237.72223,257.05992,1.00000,123.63082,1.00000,310.53024,141.72041,184.66650,222.08791,1.00000,216.25453,103.83073
156.12571,1.00000,1.00000,248.97846,268.71771,192.73380,159.52220,1.00000,209.54607,218.03518,1.00000,91.92415,1.00000,289.87259,113.42900,126.27867,161.62137,1.00000,170.47855,106.04322
140.87897,1.00000,1.00000,232.65683,291.36974,258.07179,142.52652,1.00000,196.31995,287.64738,1.00000,114.64244,1.00000,311.00770,111.09534,175.40410,225.39152,1.00000,340.58637,124.79366
108.12012,1.00000,1.00000,262.23773,332.14848,245.12575,191.43461,1.00000,175.24442,259.60861,1.00000,129.74575,1.00000,272.93414,161.91114,182.10029,228.69186,1.00000,235.54626,98.84269
112.21380,1.00000,1.00000,265.95722,267.58731,302.90131,145.81251,1.00000,244.58477,325.80411,1.00000,120.10144,1.00000,331.06234,118.46200,196.05559,173.44684,1.00000,272.88051,123.11963
179.32534,1.00000,1.00000,249.64530,252.55135,261.54215,120.65909,1.00000,190.39722,311.39478,1.00000,131.59786,1.00000,233.00680,110.86413,228.36253,236.21462,1.00000,234.26119,111.06182
141.64439,1.00000,1.00000,287.91495,218.57242,260.33427,163.22438,1.00000,209.37644,324.77850,1.00000,102.14944,1.00000,231.87199,140.94860,232.81812,183.63780,1.00000,236.56318,102.68614
113.88391,1.00000,1.00000,230.46027,224.95275,265.81166,124.37531,1.00000,186.71737,272.78576,1.00000,109.21235,1.00000,349.96431,95.11582,158.26327,200.96694,1.00000,181.14042,115.94463
96.76360,1.00000,1.00000,245.01411,279.83801,193.17273,150.35149,1.00000,235.55966,322.28106,1.00000,116.86373,1.00000,248.89829,127.00841,239.67677,214.32264,1.00000,200.21306,101.79151
118.39100,1.00000,1.00000,282.64901,271.49159,323.25974,141.79588,1.00000,216.73889,248.96895,1.00000,112.95726,1.00000,312.27398,110.97388,198.33799,232.92281,1.00000,197.90085,132.91228
120.28511,1.00000,1.00000,287.11236,243.78812,276.12469,118.19462,1.00000,167.63601,274.87002,1.00000,118.44516,1.00000,232.21713,125.97891,218.17265,155.77750,1.00000,230.49085,120.33211
144.24072,1.00000,1.00000,304.50582,255.07675,281.54749,160.96313,1.00000,201.52360,268.30975,1.00000,101.18518,1.00000,236.60337,127.35181,218.69121,214.67866,1.00000,253.73725,93.28605
149.86004,1.00000,1.00000,194.70160,283.50462,289.96638,160.24842,1.00000,206.09937,248.68092,1.00000,94.65103,1.00000,273.71864,121.69031,200.29786,196.88051,1.00000,259.17999,109.78329
165.36721,1.00000,1.00000,346.06731,269.05006,286.38569,137.56565,1.00000,224.94651,265.79582,1.00000,144.44452,1.00000,341.50505,138.03088,199.65021,253.64867,1.00000,273.77985,116.80360
158.07468,1.00000,1.00000,219.85080,248.93635,249.87130,138.79595,1.00000,195.14437,280.51418,1.00000,140.36955,1.00000,316.62800,135.54026,201.05857,181.67220,1.00000,272.08197,110.51609
129.54436,1.00000,1.00000,292.49446,259.25071,259.88556,130.08670,1.00000,215.85202,308.40146,1.00000,121.76676,1.00000,295.06274,127.99212,224.22701,178.87447,1.00000,257.97382,111.47108
159.53703,1.00000,1.00000,255.93953,378.98002,282.98446,170.46244,1.00000,235.70222,308.31237,1.00000,107.99119,1.00000,292.75302,119.97724,142.10910,228.73709,1.00000,284.31624,132.73496
155.06198,1.00000,1.00000,300.12626,252.89842,302.38900,147.42029,1.00000,203.08321,247.29939,1.00000,114.07063,1.00000,253.12449,137.34596,202.35243,178.45126,1.00000,234.87604,106.98078
140.82888,1.00000,1.00000,275.86673,176.61373,193.50303,128.07574,1.00000,225.28925,368.20847,1.00000,80.46591,1.00000,303.50324,146.49370,193.41641,181.26296,1.00000,263.44565,109.07289
124.21336,1.00000,1.00000,285.27119,256.44787,267.72955,188.33591,1.00000,199.23038,317.04607,1.00000,135.94519,1.00000,256.98946,118.89665,194.35367,217.43470,1.00000,246.08936,113.48867
139.73608,1.00000,1.00000,291.97034,332.68857,199.69175,157.54468,1.00000,188.65951,257.54986,1.00000,115.14600,1.00000,308.20657,123.07746,197.71738,189.97595,1.00000,247.73276,124.61110
