118.43051,1.00000,1.00000,297.23313,185.71930,260.97022,156.11619,1.00000,244.63646,348.46638,1.00000,90.36635,1.00000,216.44487,147.87279,158.18794,187.63452,1.00000,264.92516,157.21330
147.17547,1.00000,1.00000,377.17027,243.25776,342.98301,163.76929,1.00000,232.63364,273.20691,1.00000,116.15131,1.00000,198.99288,102.83163,152.73986,302.68803,1.00000,192.98607,112.23547
133.85149,1.00000,1.00000,200.70068,249.19914,210.36661,140.06910,1.00000,196.47143,301.34319,1.00000,81.94343,1.00000,166.17685,94.59609,170.54447,274.77895,1.00000,267.66487,93.41871
115.16758,1.00000,1.00000,288.10100,281.68137,271.72513,157.53729,1.00000,192.28844,315.65406,1.00000,110.26502,1.00000,280.31290,131.11656,149.30438,292.36469,1.00000,168.02335,148.04922
139.97854,1.00000,1.00000,245.13101,209.35567,238.11342,127.66790,1.00000,115.76039,302.33481,1.00000,93.41284,1.00000,254.47481,125.48618,237.05506,230.59459,1.00000,214.22325,104.44756
149.44101,1.00000,1.00000,274.55480,245.27989,328.98868,184.22847,1.00000,183.31153,203.47658,1.00000,114.31421,1.00000,342.75426,129.48182,279.00620,242.02583,1.00000,281.52562,105.32625
171.65153,1.00000,1.00000,311.03218,278.13352,253.56697,182.54591,1.00000,164.81184,224.83919,1.00000,123.49541,1.00000,269.80147,136.16243,160.33174,170.80151,1.00000,293.23258,127.02381
111.70983,1.00000,1.00000,201.26263,256.87787,300.69673,163.91310,1.00000,228.25823,325.73548,1.00000,96.37913,1.00000,293.66973,116.59503,178.76547,189.79959,1.00000,246.04195,117.88322
148.31976,1.00000,1.00000,292.93059,176.89740,242.13575,121.03896,1.00000,226.66799,247.11671,1.00000,134.54647,1.00000,215.85970,145.50143,239.12111,232.83915,1.00000,201.79492,135.15992
190.26654,1.00000,1.00000,279.83611,215.00229,314.35661,106.92736,1.00000,188.44373,273.03271,1.00000,125.85204,1.00000,270.25647,104.88216,269.47091,193.44722,1.00000,181.78129,100.31945
164.67906,1.00000,1.00000,226.58386,255.20316,265.59862,171.99535,1.00000,173.52535,314.99219,1.00000,134.08394,1.00000,244.14920,97.61035,113.69005,276.36756,1.00000,184.02366,131.28530
128.68753,1.00000,1.00000,280.17332,245.94013,241.22700,132.17004,1.00000,199.31922,314.34431,1.00000,116.37905,1.00000,213.28552,149.15111,188.94742,163.01303,1.00000,245.55392,125.83676
129.95233,1.00000,1.00000,269.90702,313.03551,275.65253,161.80660,1.00000,191.56483,269.37613,1.00000,139.47966,1.00000,244.29780,133.49389,288.54896,237.44815,1.00000,237.01977,130.46718
178.83329,1.00000,1.00000,231.44552,236.06320,225.00170,159.56555,1.00000,218.58095,239.62818,1.00000,94.62613,1.00000,227.07254,121.02838,205.01697,275.51602,1.00000,280.25871,125.98532
139.51744,1.00000,1.00000,320.27945,237.87980,246.59643,103.61774,1.00000,186.02048,366.28129,1.00000,98.57301,1.00000,273.44563,126.81440,178.31230,258.34476,1.00000,275.37170,142.05131
159.28395,1.00000,1.00000,198.98749,310.13301,270.79968,138.33652,1.00000,210.28025,260.61400,1.00000,115.75486,1.00000,230.31237,111.91060,236.69156,206.73789,1.00000,223.59225,103.91473
110.23810,1.00000,1.00000,271.02357,189.28989,242.19622,135.51098,1.00000,215.16819,289.75290,1.00000,139.91694,1.00000,204.96913,133.31296,117.99712,214.36271,1.00000,285.09615,104.26795
121.22126,1.00000,1.00000,205.05106,360.71106,252.95874,161.91198,1.00000,247.47781,335.45352,1.00000,110.78650,1.00000,309.74347,149.12311,210.65218,269.34139,1.00000,311.48683,146.38243
146.13116,1.00000,1.00000,268.08412,226.14064,336.89550,158.19560,1.00000,214.58126,274.65431,1.00000,114.47737,1.00000,319.26754,140.09981,147.35085,222.84347,1.00000,229.37984,105.87063
144.32695,1.00000,1.00000,348.85274,271.58218,312.01676,87.29558,1.00000,164.25230,200.55769,1.00000,89.09771,1.00000,184.59507,113.30868,77.58159,224.63706,1.00000,306.92216,116.09012
174.92744,1.00000,1.00000,175.70489,177.54480,252.44011,194.81026,1.00000,186.99121,253.31528,1.00000,121.45479,1.00000,311.36010,116.63122,176.61964,193.90196,1.00000,203.49063,79.33391
177.98687,1.00000,1.00000,260.02112,335.21886,339.42381,130.50361,1.00000,193.81526,241.20997,1.00000,121.16775,1.00000,220.68434,123.70968,170.98209,184.14988,1.00000,194.92574,109.39480
154.93546,1.00000,1.00000,291.40974,293.11910,414.52097,139.00180,1.00000,194.65634,248.07293,1.00000,143.10556,1.00000,287.26619,131.72877,188.07783,191.03893,1.00000,204.80009,97.29443
192.50894,1.00000,1.00000,216.86274,252.79906,354.25098,128.29586,1.00000,192.49840,308.69888,1.00000,130.10182,1.00000,211.41771,101.10783,155.80903,142.83512,1.00000,333.24281,96.63333
165.14670,1.00000,1.00000,219.04836,259.59088,346.06638,147.11839,1.00000,179.49929,342.00758,1.00000,127.04741,1.00000,197.14227,141.15536,290.84095,160.01431,1.00000,304.64417,117.76884
178.54731,1.00000,1.00000,291.20065,289.83725,269.89119,138.94313,1.00000,207.00242,330.47469,1.00000,111.02893,1.00000,309.32998,170.76389,197.07277,230.01805,1.00000,238.67641,92.68512
149.70974,1.00000,1.00000,244.91242,241.08825,278.49753,134.46455,1.00000,277.12310,322.91774,1.00000,128.91317,1.00000,353.11182,139.53746,218.45304,163.05705,1.00000,236.91576,143.52830
148.33506,1.00000,1.00000,309.84544,185.52460,200.63633,184.45733,1.00000,146.35042,275.59206,1.00000,81.66732,1.00000,300.60339,106.44988,216.19556,174.02907,1.00000,201.05026,88.05699
139.23115,1.00000,1.00000,293.36287,272.65703,336.17067,121.86187,1.00000,209.74777,355.48676,1.00000,146.15314,1.00000,299.69511,96.89253,171.02884,211.53278,1.00000,204.32488,114.29043
111.64331,1.00000,1.00000,277.11543,166.58441,296.07136,161.76769,1.00000,182.94559,301.00646,1.00000,107.81839,1.00000,247.77458,108.22103,127.33629,193.52400,1.00000,306.74751,140.89703
129.53480,1.00000,1.00000,280.59836,213.15107,280.76855,100.10759,1.00000,259.34696,278.42852,1.00000,104.98572,1.00000,295.96403,128.69762,258.11847,188.12435,1.00000,335.87622,124.24965
132.41985,1.00000,1.00000,341.77018,256.86739,336.71545,133.60759,1.00000,176.80137,273.58540,1.00000,157.86563,1.00000,321.19767,91.76348,134.60015,185.71432,1.00000,196.92711,88.19063
160.07021,1.00000,1.00000,371.91365,262.67699,242.50595,116.91408,1.00000,211.48901,235.88927,1.00000,136.18096,1.00000,237.48018,97.85967,164.57852,193.62128,1.00000,273.74988,133.70380
124.72497,1.00000,1.00000,254.73133,299.34675,320.41916,167.91354,1.00000,207.62158,403.64088,1.00000,121.50571,1.00000,201.57894,106.52975,180.67279,150.08980,1.00000,347.34716,110.50872
148.20554,1.00000,1.00000,317.04429,216.50730,259.00271,139.73858,1.00000,197.40343,377.23010,1.00000,143.15591,1.00000,189.26331,129.98701,186.86128,204.36665,1.00000,310.33135,107.78797
120.41551,1.00000,1.00000,258.21106,232.54130,294.02912,162.12339,1.00000,147.73510,336.83058,1.00000,147.19712,1.00000,330.46971,132.36828,129.71752,213.22601,1.00000,259.99393,107.48595
156.50961,1.00000,1.00000,339.76593,252.82238,336.82397,197.29590,1.00000,218.80314,343.13882,1.00000,122.46550,1.00000,187.03595,131.94363,214.28348,181.68444,1.00000,287.83017,89.35539
152.00720,1.00000,1.00000,300.45196,244.94782,337.58540,104.46818,1.00000,231.02344,295.16264,1.00000,118.56208,1.00000,300.30023,133.14795,219.24538,283.61521,1.00000,366.58435,125.57477
109.39044,1.00000,1.00000,243.79965,297.33123,229.57042,155.53336,1.00000,154.15150,328.69674,1.00000,114.44368,1.00000,315.38710,157.37006,141.78361,204.68584,1.00000,344.09581,81.47094
128.38853,1.00000,1.00000,307.38823,167.24969,300.95687,112.74211,1.00000,236.40542,244.34513,1.00000,112.88521,1.00000,294.77849,100.41282,136.12475,254.26843,1.00000,202.50732,98.68682
161.24099,1.00000,1.00000,286.03377,280.05924,341.88378,156.26861,1.00000,223.76950,312.06554,1.00000,131.92827,1.00000,336.36945,141.36425,217.42070,200.15984,1.00000,234.95640,111.94555
187.90185,1.00000,1.00000,202.01366,362.98682,236.16826,152.12370,1.00000,255.94636,368.76478,1.00000,143.81992,1.00000,223.73286,103.78694,216.47297,152.46629,1.00000,214.03002,99.52141
134.21612,1.00000,1.00000,218.29098,235.03358,220.09336,149.04368,1.00000,215.86331,369.63585,1.00000,117.73595,1.00000,308.58107,141.78088,236.03015,322.40898,1.00000,223.87677,125.33812
157.15381,1.00000,1.00000,263.80677,259.74316,281.36996,111.92095,1.00000,231.69367,328.51544,1.00000,125.45412,1.00000,350.00848,90.57281,199.11971,241.89905,1.00000,287.29924,98.76064
163.52014,1.00000,1.00000,208.98985,227.89355,309.63304,115.86719,1.00000,239.21780,250.14847,1.00000,142.61516,1.00000,255.00745,121.59296,155.12597,171.25813,1.00000,211.74854,98.02013
103.87947,1.00000,1.00000,219.59354,238.81415,244.61644,123.19981,1.00000,243.62013,384.14378,1.00000,113.64794,1.00000,315.25252,125.77874,246.60301,303.55583,1.00000,238.15689,139.19612
167.14231,1.00000,1.00000,297.33012,251.19317,295.80050,127.35834,1.00000,249.83250,365.17814,1.00000,80.54656,1.00000,246.11277,130.52578,166.20463,261.18115,1.00000,243.69886,112.83564
188.05282,1.00000,1.00000,292.29771,385.86516,325.40635,145.44495,1.00000,197.16014,298.53326,1.00000,130.28134,1.00000,244.59039,113.28031,181.92547,167.06068,1.00000,319.70143,94.76799
174.03565,1.00000,1.00000,304.65195,300.70046,251.60408,206.57167,1.00000,229.08327,297.81514,1.00000,115.93951,1.00000,231.41933,105.29057,231.77475,293.90232,1.00000,335.59132,90.84059
162.06690,1.00000,1.00000,314.52737,201.25034,283.11084,199.42162,1.00000,225.78692,129.45953,1.00000,145.76236,1.00000,217.19990,115.28392,104.33857,187.44911,1.00000,278.25783,92.37362
112.37164,1.00000,1.00000,172.54387,230.05639,248.73042,200.84455,1.00000,188.11275,291.33921,1.00000,101.91456,1.00000,281.11211,85.75001,200.87497,213.74408,1.00000,271.59487,119.58273
141.78019,1.00000,1.00000,306.29010,203.41772,125.95226,143.98512,1.00000,154.52258,216.99133,1.00000,114.18650,1.00000,259.72313,93.36623,273.74926,182.29345,1.00000,290.89806,103.80966
98.78610,1.00000,1.00000,226.54434,261.67637,248.72336,122.70365,1.00000,147.60615,286.23513,1.00000,176.36564,1.00000,304.29533,124.90944,122.23339,172.96088,1.00000,231.31749,103.03005
164.23118,1.00000,1.00000,328.32819,291.99970,230.10495,182.57915,1.00000,288.45575,337.87875,1.00000,172.07172,1.00000,278.99160,107.38918,257.50149,157.15437,1.00000,257.14148,129.05042
116.12709,1.00000,1.00000,243.19212,298.37724,223.71409,128.70059,1.00000,233.60994,181.52100,1.00000,89.40343,1.00000,265.22627,113.07799,305.98206,197.60585,1.00000,276.07054,101.97158
175.80778,1.00000,1.00000,261.39247,276.40499,214.77470,125.42556,1.00000,175.24643,182.08200,1.00000,86.40833,1.00000,347.93080,101.32908,210.23093,246.90286,1.00000,210.97657,91.27720
65.37359,1.00000,1.00000,243.52127,157.28978,273.93856,125.80539,1.00000,210.02434,331.62767,1.00000,129.12961,1.00000,221.98491,111.09515,135.90655,287.22483,1.00000,251.69803,124.22879
143.78065,1.00000,1.00000,258.69779,209.26270,256.86113,120.15305,1.00000,216.82651,235.32924,1.00000,117.85258,1.00000,209.11420,108.48672,143.39260,251.35012,1.00000,201.26567,57.24952
222.31371,1.00000,1.00000,301.47548,217.50529,278.10190,187.59224,1.00000,224.70241,270.74444,1.00000,147.29849,1.00000,270.19730,141.13502,188.43745,186.93244,1.00000,212.84268,92.95500
126.49391,1.00000,1.00000,228.24428,287.03100,335.09677,190.48228,1.00000,251.07753,213.77128,1.00000,97.17165,1.00000,289.46734,144.96100,172.20393,188.99165,1.00000,267.58859,75.01800
125.28962,1.00000,1.00000,228.50387,225.54859,250.80707,153.25980,1.00000,180.42784,223.91713,1.00000,91.94535,1.00000,283.86312,135.46568,180.18609,215.83939,1.00000,239.25093,128.87918
148.26865,1.00000,1.00000,223.03329,200.11537,300.10091,175.99148,1.00000,185.17795,339.59054,1.00000,134.25728,1.00000,226.22783,136.27552,140.69977,219.06804,1.00000,243.97798,124.11639
172.93456,1.00000,1.00000,203.99586,308.99084,282.05150,158.61740,1.00000,154.24107,401.51184,1.00000,121.71362,1.00000,292.93213,109.68498,166.83041,247.84458,1.00000,194.83281,100.73006
155.31712,1.00000,1.00000,238.58584,357.82889,298.06634,139.41202,1.00000,149.02273,285.57955,1.00000,136.87170,1.00000,249.82146,99.13226,226.99196,193.33497,1.00000,315.25506,130.84997
160.82637,1.00000,1.00000,214.52966,330.40025,217.95548,141.25408,1.00000,243.64318,313.00528,1.00000,124.67916,1.00000,344.06594,135.11463,211.36893,173.90390,1.00000,244.96452,93.18382
121.39027,1.00000,1.00000,232.99335,270.54426,297.19573,145.23141,1.00000,187.35091,304.54574,1.00000,116.34867,1.00000,277.36307,143.02936,197.52204,195.88544,1.00000,272.15868,152.38450
190.87513,1.00000,1.00000,363.81466,270.91794,298.68539,137.80769,1.00000,160.35420,299.56708,1.00000,112.31320,1.00000,253.39374,86.95551,192.26046,196.95671,1.00000,307.03563,63.15252
221.44835,1.00000,1.00000,175.37059,219.94236,397.51320,109.30971,1.00000,190.16650,400.94723,1.00000,163.19554,1.00000,293.34773,109.57763,209.23808,261.82114,1.00000,260.73902,112.96609
80.82688,1.00000,1.00000,188.42985,313.57350,298.93858,130.13757,1.00000,206.45045,274.57398,1.00000,119.23828,1.00000,335.20318,127.47829,211.69783,178.29511,1.00000,139.54029,151.73526
150.10255,1.00000,1.00000,272.74095,197.70159,238.67995,121.88243,1.00000,251.34955,390.78853,1.00000,102.56914,1.00000,319.50278,85.90293,126.90335,171.26883,1.00000,219.46758,115.77658
154.12943,1.00000,1.00000,294.63698,216.37574,319.09587,226.86440,1.00000,234.98132,274.43025,1.00000,45.30690,1.00000,268.82802,139.21818,194.33057,190.49547,1.00000,221.03784,140.83416
105.51777,1.00000,1.00000,280.58566,272.21556,299.23294,145.80775,1.00000,234.44227,300.18600,1.00000,118.04097,1.00000,223.97596,133.12676,208.46575,173.42716,1.00000,269.92809,103.67810
164.22446,1.00000,1.00000,287.25625,286.91934,269.76302,199.06657,1.00000,163.11460,250.59092,1.00000,101.06986,1.00000,250.13239,136.02408,172.01371,280.23944,1.00000,203.33681,130.84575
60.63123,1.00000,1.00000,256.53377,356.52599,242.66671,217.66615,1.00000,217.86618,360.74800,1.00000,86.96492,1.00000,225.34634,117.12761,177.66024,263.27905,1.00000,204.92529,115.81998
140.40049,1.00000,1.00000,249.77855,178.40666,282.39372,108.30588,1.00000,250.10703,218.29446,1.00000,156.65848,1.00000,245.41936,149.10074,142.08052,215.07893,1.00000,236.14053,96.45710
131.80398,1.00000,1.00000,242.38215,259.80927,240.68673,166.09738,1.00000,216.18157,335.84267,1.00000,149.79441,1.00000,253.99262,113.66240,177.07857,159.36389,1.00000,228.41136,100.62223
95.15746,1.00000,1.00000,263.86450,225.13576,204.80438,154.09907,1.00000,192.75362,313.27556,1.00000,89.70910,1.00000,295.88378,141.74105,170.51464,212.62301,1.00000,345.44487,76.24285
141.27451,1.00000,1.00000,258.92339,205.01358,207.49911,192.75219,1.00000,194.00016,305.17279,1.00000,118.46242,1.00000,287.41061,138.28112,227.44294,274.32047,1.00000,267.91740,122.31262
96.61262,1.00000,1.00000,316.16622,189.07950,324.38038,117.40403,1.00000,165.06432,338.52051,1.00000,136.91547,1.00000,326.43470,85.57618,171.76053,222.49498,1.00000,308.49952,91.76146
113.88378,1.00000,1.00000,282.53379,175.20401,182.87873,118.40129,1.00000,170.96997,295.86696,1.00000,100.15745,1.00000,148.87849,114.44667,146.01718,214.78131,1.00000,202.58322,121.70886
121.57262,1.00000,1.00000,231.15805,301.03066,317.54691,178.26480,1.00000,249.62798,185.61412,1.00000,71.20922,1.00000,238.17253,120.82297,186.78107,198.55407,1.00000,335.18629,108.41949
103.11772,1.00000,1.00000,320.32393,145.72956,357.36656,194.98329,1.00000,237.52646,235.09533,1.00000,99.79461,1.00000,238.26455,116.74494,224.47347,166.34030,1.00000,272.10901,107.96662
112.00945,1.00000,1.00000,230.85534,299.06330,268.10946,193.40489,1.00000,213.59583,156.93639,1.00000,97.95257,1.00000,203.61882,115.91374,175.77018,212.43180,1.00000,279.95539,118.56326
88.69000,1.00000,1.00000,343.39988,228.16329,310.73371,123.03575,1.00000,220.72795,259.35433,1.00000,131.48521,1.00000,269.02066,100.08949,172.97082,155.56682,1.00000,198.17161,111.14586
176.54393,1.00000,1.00000,245.03315,282.93604,319.67535,146.98237,1.00000,214.10784,262.21130,1.00000,106.11075,1.00000,282.75761,126.94233,204.11369,216.42057,1.00000,278.13284,102.31211
200.50930,1.00000,1.00000,329.32718,285.12569,206.69872,174.01450,1.00000,209.59049,347.09629,1.00000,135.17074,1.00000,226.91127,97.05229,187.23089,183.46851,1.00000,304.03008,102.66176
132.72522,1.00000,1.00000,318.51947,143.73115,249.69956,117.43279,1.00000,129.30113,203.88040,1.00000,111.25706,1.00000,226.62118,52.42095,171.36604,268.56686,1.00000,235.50610,116.55789
140.77116,1.00000,1.00000,283.70496,231.99422,277.94647,200.33126,1.00000,273.56617,296.28328,1.00000,126.58551,1.00000,280.31889,141.38614,251.07268,189.32525,1.00000,325.06054,152.74727
124.17432,1.00000,1.00000,302.36592,265.52657,264.28823,139.51693,1.00000,159.46741,274.14342,1.00000,92.83676,1.00000,284.67979,192.42405,163.77266,203.18905,1.00000,197.44572,124.57142
164.32794,1.00000,1.00000,216.18309,329.63800,279.40976,103.99761,1.00000,251.97879,326.04212,1.00000,103.45810,1.00000,193.74315,89.39720,199.72159,157.41902,1.00000,348.50701,59.50566
132.89108,1.00000,1.00000,241.08810,263.94195,320.46050,184.57460,1.00000,238.41007,263.66001,1.00000,129.69253,1.00000,273.72207,131.57426,186.82560,195.33463,1.00000,252.87257,94.61662
156.95511,1.00000,1.00000,312.14022,228.88230,251.11886,202.61387,1.00000,187.09427,319.42422,1.00000,117.73397,1.00000,288.44251,128.75777,167.51286,231.53488,1.00000,223.96695,146.73541
149.42022,1.00000,1.00000,260.09453,218.44786,317.48322,141.84327,1.00000,176.61326,426.52163,1.00000,79.94808,1.00000,274.26524,75.40554,218.28292,201.43904,1.00000,340.34309,129.49138
155.10772,1.00000,1.00000,122.61954,221.34130,327.72486,78.96767,1.00000,198.81360,334.05643,1.00000,112.59783,1.00000,297.11026,99.42440,189.92155,188.84206,1.00000,291.92085,117.80814
141.98373,1.00000,1.00000,335.07883,298.70265,198.38758,187.58550,1.00000,204.35826,200.45498,1.00000,92.68320,1.00000,219.94694,99.32967,165.53107,190.56618,1.00000,331.72706,92.09198
88.41064,1.00000,1.00000,254.48918,233.87555,259.75690,148.05176,1.00000,220.21014,194.61800,1.00000,123.46290,1.00000,188.46405,103.11569,141.17010,273.76048,1.00000,262.22704,68.30322
106.92807,1.00000,1.00000,310.55436,289.10265,252.34808,193.10117,1.00000,224.28843,288.26432,1.00000,114.24146,1.00000,236.62635,92.28217,217.46211,286.39232,1.00000,237.80014,54.92229
144.96647,1.00000,1.00000,202.83158,198.11809,212.70597,150.54221,1.00000,149.64086,323.56854,1.00000,114.77772,1.00000,303.72258,82.29994,212.82173,224.50503,1.00000,278.51459,108.84595
165.35637,1.00000,1.00000,216.70926,271.38287,308.39278,115.67019,1.00000,206.74771,269.58016,1.00000,108.40263,1.00000,282.78799,105.37979,193.14692,165.18554,1.00000,210.98291,119.33805
169.03870,1.00000,1.00000,209.19267,332.75336,180.47979,148.27404,1.00000,255.22200,261.20548,1.00000,117.72521,1.00000,279.73019,145.21297,256.13379,182.25384,1.00000,168.19183,107.21881
122.89706,1.00000,1.00000,273.68242,291.98167,276.02715,169.12283,1.00000,179.77620,172.02399,1.00000,112.23307,1.00000,258.78654,116.41252,208.69406,193.62342,1.00000,201.27253,150.61019
187.11764,1.00000,1.00000,297.55336,245.64950,253.53037,126.54249,1.00000,243.26913,227.94593,1.00000,132.23868,1.00000,289.07746,76.17377,241.91295,245.06355,1.00000,305.11818,106.99161
96.33290,1.00000,1.00000,350.16838,273.88987,214.69367,63.89574,1.00000,202.73823,318.06554,1.00000,97.07914,1.00000,209.09032,143.04066,217.79846,190.80893,1.00000,172.55472,61.32894
149.79631,1.00000,1.00000,265.55002,216.76374,216.99142,151.87662,1.00000,234.73022,280.47354,1.00000,109.62399,1.00000,344.02030,128.65538,137.72099,146.56400,1.00000,219.41303,149.48213
166.61223,1.00000,1.00000,227.89740,380.42719,233.31184,171.83715,1.00000,208.52790,339.19451,1.00000,102.66700,1.00000,308.93826,122.68355,128.72098,267.25317,1.00000,253.34104,94.36103
199.32468,1.00000,1.00000,351.50113,279.74048,196.73063,70.06542,1.00000,216.69627,285.65750,1.00000,139.01777,1.00000,200.22486,118.57017,239.21016,214.26643,1.00000,247.97777,59.44988
135.37930,1.00000,1.00000,325.97988,210.71901,267.12020,155.20880,1.00000,202.22959,339.72195,1.00000,86.46205,1.00000,280.47946,131.25408,186.61975,180.52247,1.00000,114.51672,89.49254
195.52116,1.00000,1.00000,202.49066,255.62133,344.34368,141.12479,1.00000,229.30909,205.91278,1.00000,119.84324,1.00000,200.77207,151.79733,260.45630,226.02116,1.00000,308.65280,115.44759
102.40654,1.00000,1.00000,286.11937,247.79160,287.70844,118.15861,1.00000,162.71377,317.17629,1.00000,107.14714,1.00000,215.17536,43.48861,175.70101,249.30412,1.00000,303.85975,146.83119
204.04457,1.00000,1.00000,210.73602,289.38114,226.02971,128.72889,1.00000,170.44962,247.32765,1.00000,130.83859,1.00000,300.61095,116.32610,269.07606,256.87729,1.00000,273.50619,89.17688
100.00040,1.00000,1.00000,251.48711,269.42538,265.99316,132.89871,1.00000,168.23646,338.13717,1.00000,105.77824,1.00000,370.83901,111.04097,237.86233,208.86659,1.00000,310.11047,84.00869
137.28025,1.00000,1.00000,201.83608,266.98849,305.05099,181.91288,1.00000,100.94140,315.55670,1.00000,121.25269,1.00000,365.07283,81.19806,196.33279,238.03692,1.00000,294.71850,142.12309
169.91093,1.00000,1.00000,293.62728,296.56753,207.12929,112.34449,1.00000,213.37533,186.56539,1.00000,92.01429,1.00000,164.51878,78.39596,122.78075,141.69394,1.00000,306.06122,82.69584
105.98507,1.00000,1.00000,277.16271,200.38865,284.16421,165.05120,1.00000,244.38665,185.42481,1.00000,134.33568,1.00000,223.96967,138.08845,253.51898,188.45827,1.00000,300.75704,129.03826
130.36137,1.00000,1.00000,158.40741,219.50930,302.35920,176.47104,1.00000,286.33281,265.51822,1.00000,109.72814,1.00000,290.34920,124.50597,240.06772,180.76000,1.00000,326.43655,85.90889
130.61757,1.00000,1.00000,224.63359,188.18962,278.01454,152.78352,1.00000,190.02346,398.16660,1.00000,158.09697,1.00000,278.55615,123.16718,129.10921,155.47204,1.00000,176.55724,109.20319
158.13536,1.00000,1.00000,226.11065,261.19234,236.70800,161.79205,1.00000,189.81626,361.97726,1.00000,99.44061,1.00000,318.99707,105.49233,236.11723,199.45617,1.00000,257.12211,131.03717
203.93131,1.00000,1.00000,216.37627,249.48433,289.64001,161.98396,1.00000,172.73215,261.99863,1.00000,119.50933,1.00000,261.03525,75.10843,101.33447,271.39363,1.00000,283.87104,103.67351
157.68432,1.00000,1.00000,255.51877,278.74834,349.43824,156.56222,1.00000,176.35120,214.58138,1.00000,123.72904,1.00000,212.26586,50.30126,171.18784,246.16217,1.00000,257.05927,119.03001
172.48341,1.00000,1.00000,243.73045,214.83198,276.96771,151.84237,1.00000,148.65372,248.80124,1.00000,152.58235,1.00000,253.64465,106.33779,224.93437,249.78182,1.00000,338.14433,113.07914
121.89657,1.00000,1.00000,324.30597,216.39817,274.25428,202.12607,1.00000,203.15633,326.21262,1.00000,63.18430,1.00000,262.06618,124.54418,186.35233,216.59623,1.00000,373.76329,119.74291
135.69075,1.00000,1.00000,280.44481,280.29811,296.34090,153.21264,1.00000,211.71430,327.26118,1.00000,98.83964,1.00000,273.99506,123.55990,169.25574,201.03800,1.00000,222.60364,70.56935
118.35813,1.00000,1.00000,272.12847,157.15650,249.68671,163.41516,1.00000,211.41764,371.32620,1.00000,133.72126,1.00000,241.43606,103.02959,120.00929,221.92741,1.00000,236.67777,108.13347
128.01136,1.00000,1.00000,220.56114,137.55087,257.68735,143.84754,1.00000,192.84295,147.54350,1.00000,111.41354,1.00000,194.73637,122.38038,136.92137,227.08182,1.00000,325.81521,111.84687
141.87478,1.00000,1.00000,322.46497,309.10029,235.40066,119.03151,1.00000,251.22292,235.40873,1.00000,88.01585,1.00000,243.90685,121.41578,148.77362,219.78532,1.00000,326.93666,77.39482
149.25368,1.00000,1.00000,243.66405,266.84916,291.61062,78.04307,1.00000,223.69663,227.92768,1.00000,92.48321,1.00000,283.53329,119.68458,230.76691,260.23474,1.00000,345.80383,131.41899
102.03362,1.00000,1.00000,286.84052,351.49014,286.20480,121.12585,1.00000,250.40597,244.70648,1.00000,113.98619,1.00000,231.17906,112.60923,222.96244,209.78769,1.00000,265.02456,79.46150
113.75704,1.00000,1.00000,316.42144,233.80955,248.90770,193.73163,1.00000,225.53642,191.14585,1.00000,130.51543,1.00000,323.63508,122.29364,224.62558,170.60128,1.00000,237.66029,132.24897
93.06532,1.00000,1.00000,246.10162,296.02761,302.93728,137.39087,1.00000,186.14348,289.08723,1.00000,85.78557,1.00000,266.07531,144.61709,203.83349,165.25130,1.00000,121.77685,132.27110
176.21056,1.00000,1.00000,339.11754,247.67052,220.31432,159.17275,1.00000,220.03088,236.40160,1.00000,86.59771,1.00000,234.33383,84.31574,247.23046,237.67116,1.00000,296.33492,121.94340
167.10798,1.00000,1.00000,239.39706,213.32011,284.67395,154.90589,1.00000,126.54206,294.00482,1.00000,99.97296,1.00000,314.04600,109.92675,192.92062,187.53650,1.00000,214.00046,150.65987
161.89177,1.00000,1.00000,259.62003,252.15495,259.79118,108.96576,1.00000,197.17876,181.86148,1.00000,148.40151,1.00000,247.07980,94.42157,223.30866,211.19897,1.00000,217.70844,105.32647
114.75761,1.00000,1.00000,147.08721,169.00481,308.00881,92.13711,1.00000,176.90518,255.29456,1.00000,102.42692,1.00000,244.89367,162.95751,171.35879,231.69037,1.00000,267.04421,133.65082
67.58882,1.00000,1.00000,315.64516,312.98704,314.01467,141.11117,1.00000,180.44186,295.15383,1.00000,144.03474,1.00000,285.20024,125.76681,162.38878,165.08948,1.00000,302.87561,89.99589
118.78712,1.00000,1.00000,269.47077,220.20029,233.81365,172.75559,1.00000,181.38047,334.86346,1.00000,96.83203,1.00000,324.87313,105.13138,207.63505,233.69719,1.00000,220.64372,137.42688
176.47206,1.00000,1.00000,271.69600,280.32397,281.57631,162.89155,1.00000,161.82990,208.48696,1.00000,98.65281,1.00000,330.27189,74.07553,178.52223,212.14149,1.00000,223.57692,99.24724
149.47759,1.00000,1.00000,238.46219,261.78340,221.94696,125.65533,1.00000,259.25311,281.01424,1.00000,136.65728,1.00000,196.14470,161.84658,244.23336,191.23253,1.00000,98.99657,104.90830
135.81243,1.00000,1.00000,317.90297,213.42791,294.71823,136.11288,1.00000,279.75001,304.47079,1.00000,149.12375,1.00000,243.96813,145.90624,182.93646,252.38780,1.00000,309.65548,123.44184
108.03606,1.00000,1.00000,332.06537,269.51421,238.05294,164.44793,1.00000,135.92102,350.64121,1.00000,110.40766,1.00000,371.63777,95.79248,247.16783,230.39817,1.00000,293.35059,104.62878
187.25932,1.00000,1.00000,263.18226,241.18386,278.20828,85.95723,1.00000,233.01358,280.79990,1.00000,97.47372,1.00000,349.57753,71.87164,77.76002,169.53352,1.00000,277.30371,104.01093
110.21161,1.00000,1.00000,282.16243,264.33878,244.87208,132.99524,1.00000,281.81398,299.97876,1.00000,113.13135,1.00000,355.82026,99.92159,143.52238,211.06522,1.00000,237.19491,123.42493
112.69555,1.00000,1.00000,139.33168,258.04797,306.87365,165.68803,1.00000,189.15223,197.20659,1.00000,164.34843,1.00000,292.97325,126.14579,228.90176,175.33600,1.00000,132.20349,104.37974
152.80593,1.00000,1.00000,303.18283,301.02427,326.37189,98.73448,1.00000,215.49324,332.87550,1.00000,92.14004,1.00000,350.21114,127.08861,99.90013,212.99874,1.00000,231.88469,124.65085
114.76604,1.00000,1.00000,303.86488,308.07218,283.63001,151.75548,1.00000,135.91741,329.33444,1.00000,94.83530,1.00000,268.74144,112.29810,146.82333,180.48406,1.00000,332.92220,102.57329
198.05032,1.00000,1.00000,277.54461,116.96599,278.72350,155.67065,1.00000,186.95071,282.92122,1.00000,87.08703,1.00000,250.14298,109.28681,272.20013,230.05950,1.00000,237.14121,123.45904
77.99217,1.00000,1.00000,271.55566,269.89123,250.88803,113.48265,1.00000,176.35640,233.88308,1.00000,101.50542,1.00000,227.91892,94.55208,276.34361,230.80003,1.00000,201.19354,140.77334
184.64881,1.00000,1.00000,220.14867,321.85565,391.73119,157.26601,1.00000,154.11649,214.73394,1.00000,96.77443,1.00000,222.00841,175.62584,178.66034,98.14578,1.00000,301.46903,56.65477
117.13616,1.00000,1.00000,266.25312,277.82261,225.57100,162.13248,1.00000,238.44020,260.21290,1.00000,144.25922,1.00000,214.52878,116.93788,203.72261,218.64678,1.00000,243.56594,108.04106
155.65584,1.00000,1.00000,310.76205,290.76806,269.12100,182.90764,1.00000,170.56168,335.91410,1.00000,70.33626,1.00000,194.29876,91.34391,237.33634,194.07075,1.00000,240.85659,114.45021
170.24224,1.00000,1.00000,276.36094,357.05485,298.57813,162.82028,1.00000,133.05204,249.73282,1.00000,74.29940,1.00000,239.85740,159.38498,204.80171,280.44672,1.00000,175.34325,92.27347
147.49073,1.00000,1.00000,236.93807,302.08930,305.21445,183.96002,1.00000,144.58149,236.37740,1.00000,129.31493,1.00000,231.39059,167.38892,169.65946,250.68887,1.00000,375.82913,101.92561
132.94564,1.00000,1.00000,288.14634,193.84100,323.26255,160.80800,1.00000,173.27994,347.65375,1.00000,96.91395,1.00000,348.16216,104.05276,224.98288,240.78515,1.00000,212.41507,77.01009
171.28467,1.00000,1.00000,207.09369,234.50630,288.53910,146.13822,1.00000,151.64839,309.32201,1.00000,135.25244,1.00000,192.99972,97.57395,225.22693,252.90447,1.00000,206.02280,124.31181
151.65406,1.00000,1.00000,300.36462,216.52166,354.54270,137.76721,1.00000,187.47059,208.14718,1.00000,131.27196,1.00000,232.63155,79.26052,148.54898,188.38255,1.00000,283.36352,125.78505
185.03528,1.00000,1.00000,174.96631,327.19671,237.51317,126.14613,1.00000,178.09243,315.53292,1.00000,69.29900,1.00000,289.85078,106.82875,167.09907,252.80947,1.00000,277.70997,66.83806
159.28186,1.00000,1.00000,208.97676,239.96793,282.45493,153.99229,1.00000,191.19098,226.21579,1.00000,120.03652,1.00000,315.68259,139.96610,215.39111,223.82890,1.00000,218.47073,126.40791
200.13142,1.00000,1.00000,319.15556,193.97987,233.68551,149.95125,1.00000,179.67784,228.81996,1.00000,124.73138,1.00000,196.67095,110.91699,171.00338,160.95719,1.00000,324.18017,99.20984
154.68245,1.00000,1.00000,281.45058,285.78145,308.05416,172.12375,1.00000,169.81559,421.92978,1.00000,122.72744,1.00000,270.47400,98.35864,274.62388,173.56947,1.00000,201.50905,103.19613
150.90651,1.00000,1.00000,224.65044,285.57863,297.38989,187.01743,1.00000,199.97969,238.60536,1.00000,114.08690,1.00000,297.58983,125.59915,141.08157,214.63440,1.00000,219.42730,111.81578
157.82235,1.00000,1.00000,378.25484,229.05561,224.53595,137.11831,1.00000,210.98419,208.96480,1.00000,104.23755,1.00000,296.29085,120.36702,171.19829,211.13129,1.00000,266.26213,123.62915
146.80214,1.00000,1.00000,220.35534,310.09688,292.09132,148.48933,1.00000,226.64218,308.54144,1.00000,98.21470,1.00000,235.98415,119.71929,242.92474,182.30538,1.00000,262.59315,125.73457
164.04830,1.00000,1.00000,276.32578,204.55927,259.53378,129.70264,1.00000,230.13653,272.76689,1.00000,128.84597,1.00000,261.85804,152.37954,146.49207,244.79076,1.00000,147.15172,87.22081
200.03994,1.00000,1.00000,298.46706,272.29555,209.69200,116.08814,1.00000,243.72984,164.67730,1.00000,77.76498,1.00000,322.63616,111.70836,195.61616,222.39823,1.00000,271.57408,121.83821
158.15806,1.00000,1.00000,342.49028,243.67443,386.43106,166.22686,1.00000,232.81905,310.28089,1.00000,113.76579,1.00000,314.73342,63.03223,220.51581,210.83203,1.00000,260.05994,85.11463
149.24731,1.00000,1.00000,290.88662,190.81250,228.25120,151.65843,1.00000,128.97556,395.09246,1.00000,89.82153,1.00000,213.45591,156.41910,109.44584,194.55432,1.00000,266.51436,124.65420
114.89926,1.00000,1.00000,297.17198,251.78716,275.65995,103.32224,1.00000,214.19086,336.18390,1.00000,135.53083,1.00000,196.90514,126.11411,180.54821,209.09959,1.00000,204.02696,115.41762
163.37676,1.00000,1.00000,265.40273,166.94655,169.80370,191.60414,1.00000,166.91310,327.62247,1.00000,134.46370,1.00000,279.96573,134.83525,179.31188,184.35588,1.00000,293.06322,65.30244
97.09074,1.00000,1.00000,277.09246,310.03880,249.80637,145.56516,1.00000,216.71219,308.98505,1.00000,119.34609,1.00000,215.56138,85.87928,263.54051,167.13641,1.00000,251.67373,83.96118
172.15687,1.00000,1.00000,343.28237,199.21658,286.67392,149.66513,1.00000,238.47150,175.16024,1.00000,99.09290,1.00000,304.47603,85.79941,214.85579,213.07098,1.00000,283.60187,105.24054
182.14431,1.00000,1.00000,226.13623,281.50758,282.51041,202.47270,1.00000,167.00924,320.75799,1.00000,120.44156,1.00000,225.52714,82.45867,150.09542,221.44859,1.00000,200.19715,114.37403
123.11958,1.00000,1.00000,314.92064,241.56386,282.21282,119.01758,1.00000,210.53816,269.99477,1.00000,69.92770,1.00000,265.09643,130.98010,201.10198,246.95138,1.00000,231.78766,124.43626
202.28684,1.00000,1.00000,326.22261,275.98872,378.53211,154.61113,1.00000,231.47957,201.23290,1.00000,133.86282,1.00000,272.98330,139.10820,224.03681,165.64092,1.00000,270.29110,116.98634
111.12673,1.00000,1.00000,238.35525,225.32543,268.11663,145.57353,1.00000,148.24447,361.60424,1.00000,107.99000,1.00000,273.11557,112.23400,224.54840,260.35932,1.00000,282.57365,100.84966
155.71602,1.00000,1.00000,282.41712,298.66033,205.90058,121.50827,1.00000,181.68507,286.70744,1.00000,130.34909,1.00000,273.91439,101.66262,197.37529,244.26322,1.00000,126.06054,128.17602
165.08548,1.00000,1.00000,303.49961,183.85034,273.66626,200.21120,1.00000,187.71950,345.40193,1.00000,129.35385,1.00000,236.92278,114.16089,170.83086,293.55478,1.00000,263.28411,136.23219
131.19674,1.00000,1.00000,237.06632,196.49488,261.25931,72.67618,1.00000,250.11495,332.54963,1.00000,128.53811,1.00000,209.52236,104.93324,153.35153,225.38281,1.00000,280.93538,136.27527
132.40498,1.00000,1.00000,266.92590,236.90913,300.06845,152.82094,1.00000,177.57139,267.59662,1.00000,86.84711,1.00000,191.45834,151.32085,186.42171,244.77672,1.00000,280.01350,158.96123
146.94152,1.00000,1.00000,256.56226,241.56927,259.45527,131.18340,1.00000,137.49381,240.04886,1.00000,138.46943,1.00000,178.92272,95.52563,136.93505,222.05156,1.00000,262.82838,109.80490
163.08715,1.00000,1.00000,353.51487,254.52982,188.86221,184.45683,1.00000,226.98740,220.95670,1.00000,136.99339,1.00000,283.06111,66.37583,234.42094,218.06778,1.00000,174.88071,82.11437
190.40827,1.00000,1.00000,225.22113,198.32248,259.13798,135.25234,1.00000,192.04749,222.75911,1.00000,86.44433,1.00000,270.03929,69.13935,182.51053,182.29841,1.00000,188.85210,96.05408
170.41860,1.00000,1.00000,274.01983,289.40769,271.64919,154.02715,1.00000,140.17370,350.06877,1.00000,95.74544,1.00000,241.42009,111.00338,248.58397,175.35239,1.00000,180.59455,70.54527
157.91803,1.00000,1.00000,241.34858,244.61459,278.85137,164.23782,1.00000,219.69981,325.33259,1.00000,114.53877,1.00000,196.41962,66.98814,277.79508,192.18130,1.00000,347.12981,118.05929
147.83187,1.00000,1.00000,292.85574,288.65597,348.53067,154.59222,1.00000,211.38517,268.52772,1.00000,113.07810,1.00000,278.96836,112.84287,245.27485,255.25341,1.00000,243.20805,102.73185
109.93528,1.00000,1.00000,274.11122,230.66741,330.15542,178.85239,1.00000,202.06359,222.28211,1.00000,112.82148,1.00000,210.08323,117.61735,227.02241,185.29811,1.00000,220.27585,108.78708
181.79621,1.00000,1.00000,245.37960,269.98149,166.44762,203.44606,1.00000,214.49464,305.69755,1.00000,83.37314,1.00000,160.04381,85.40185,97.61541,199.19245,1.00000,251.42856,121.93714
170.23639,1.00000,1.00000,332.65283,206.59993,218.23689,108.46378,1.00000,181.53235,191.42136,1.00000,135.88050,1.00000,241.42336,112.51244,193.72511,276.06185,1.00000,242.08625,97.10350
133.68964,1.00000,1.00000,275.30475,277.97550,359.16839,124.85040,1.00000,188.09466,282.55416,1.00000,122.48371,1.00000,283.97901,98.21969,276.65543,196.09697,1.00000,227.88568,116.03177
171.34705,1.00000,1.00000,190.21756,238.57326,310.01703,153.52393,1.00000,206.76995,286.34498,1.00000,106.37213,1.00000,215.25345,141.36881,237.46276,207.51810,1.00000,230.47004,120.09219
159.19402,1.00000,1.00000,266.81198,224.86544,225.83665,169.39905,1.00000,186.30211,215.01775,1.00000,87.79793,1.00000,277.65316,115.56533,215.98785,243.85242,1.00000,287.26741,107.48181
134.95070,1.00000,1.00000,269.42785,241.77834,246.16654,153.97262,1.00000,178.50831,252.12385,1.00000,117.71742,1.00000,305.01953,80.19064,108.26804,202.43200,1.00000,307.15748,98.04646
97.06446,1.00000,1.00000,299.82016,302.02325,314.68361,175.16117,1.00000,198.32403,319.57767,1.00000,61.29528,1.00000,184.22089,109.36557,195.72740,217.01689,1.00000,359.43821,101.79452
179.41064,1.00000,1.00000,319.18722,246.92506,214.37653,123.12690,1.00000,206.64588,153.59570,1.00000,74.79200,1.00000,294.16462,80.80725,183.71153,162.92281,1.00000,281.21727,58.04904
193.45666,1.00000,1.00000,341.74147,187.21109,193.73586,153.60228,1.00000,242.84579,301.29054,1.00000,110.29314,1.00000,268.44186,90.45414,179.98863,181.49947,1.00000,221.84236,116.32962
131.01019,1.00000,1.00000,208.53896,339.13952,266.06097,190.52791,1.00000,184.93487,178.68686,1.00000,92.27823,1.00000,266.46076,97.93444,236.17564,176.72080,1.00000,254.93385,135.23277
91.99056,1.00000,1.00000,318.14150,209.06903,299.40801,154.49256,1.00000,195.39969,306.70053,1.00000,132.46714,1.00000,180.07610,90.31951,250.79888,129.54420,1.00000,193.86809,86.64683
178.39899,1.00000,1.00000,369.10538,299.63107,264.38447,111.36207,1.00000,185.43154,235.88790,1.00000,102.85743,1.00000,272.57861,99.45899,199.16237,234.66706,1.00000,350.21890,121.74420
124.04271,1.00000,1.00000,270.83671,249.18164,253.95414,107.57169,1.00000,228.94833,192.02927,1.00000,142.38640,1.00000,136.81198,94.75667,226.94036,214.48964,1.00000,152.07450,87.07392
190.28001,1.00000,1.00000,239.58696,201.12196,185.92752,160.83800,1.00000,212.35282,327.97771,1.00000,80.79459,1.00000,186.85801,153.97792,174.28307,218.16664,1.00000,225.61257,97.37096
138.67389,1.00000,1.00000,320.44580,330.93972,289.94733,98.79953,1.00000,250.70169,320.22437,1.00000,121.01817,1.00000,314.99909,112.82343,208.45928,244.76682,1.00000,204.59636,111.83193
141.68384,1.00000,1.00000,228.81135,265.44266,266.13604,136.14309,1.00000,214.47561,309.24154,1.00000,107.06568,1.00000,193.66034,106.97542,242.91737,179.48948,1.00000,271.55647,122.41972
92.54942,1.00000,1.00000,301.83548,210.60257,370.98629,129.84896,1.00000,206.43640,193.89307,1.00000,72.51481,1.00000,300.77205,92.22808,268.28765,219.45544,1.00000,152.71250,115.64890
103.11261,1.00000,1.00000,211.22781,299.45443,283.28777,150.74880,1.00000,170.83600,204.49492,1.00000,129.26866,1.00000,161.25328,89.76032,101.16225,155.48097,1.00000,282.07077,129.41537
100.84949,1.00000,1.00000,205.08951,176.85552,321.92607,164.11019,1.00000,187.41310,283.65275,1.00000,103.30444,1.00000,309.82274,84.59979,166.47526,203.80445,1.00000,242.44302,167.42860
144.96401,1.00000,1.00000,241.23915,255.64807,327.25859,177.14830,1.00000,165.07136,309.81580,1.00000,134.78974,1.00000,344.45566,119.53457,246.18895,235.36608,1.00000,269.50902,119.97664
116.17075,1.00000,1.00000,246.74413,193.94052,375.61387,211.87848,1.00000,233.01799,257.27076,1.00000,89.08224,1.00000,300.43638,142.31065,277.87651,289.11971,1.00000,229.48342,150.82433
210.23579,1.00000,1.00000,349.74267,188.50101,197.98908,144.51056,1.00000,200.45148,315.96720,1.00000,88.55188,1.00000,302.48215,131.27010,221.13127,195.08348,1.00000,178.65000,62.07182
140.34388,1.00000,1.00000,284.18302,219.74068,345.67770,128.03833,1.00000,250.98553,311.73927,1.00000,114.63332,1.00000,235.61424,124.67619,298.08457,254.30330,1.00000,218.01796,110.53032
189.13743,1.00000,1.00000,271.51900,247.32667,231.50425,122.43780,1.00000,189.38349,168.61077,1.00000,120.78466,1.00000,262.82723,155.61195,212.20858,227.22180,1.00000,262.48633,127.21795
151.71318,1.00000,1.00000,324.04162,130.28418,224.98063,125.33110,1.00000,194.19868,316.18212,1.00000,109.30058,1.00000,240.64027,149.67105,230.65594,190.03325,1.00000,268.82047,102.31386
148.71272,1.00000,1.00000,211.48241,257.05064,310.99063,169.67106,1.00000,129.37385,394.10204,1.00000,78.94081,1.00000,265.25155,156.04580,294.00831,295.71687,1.00000,263.15681,100.88919
169.05732,1.00000,1.00000,303.38711,212.20421,251.63543,174.76637,1.00000,197.19549,320.97227,1.00000,102.26870,1.00000,297.69574,93.23852,194.55193,280.31474,1.00000,221.83864,144.83666
118.75630,1.00000,1.00000,246.37937,235.03599,304.95709,131.03247,1.00000,201.88851,328.13297,1.00000,121.31235,1.00000,322.64683,91.53445,257.52622,289.11986,1.00000,262.89434,118.09450
120.27282,1.00000,1.00000,411.17083,307.22255,253.73849,205.53566,1.00000,100.38255,247.52991,1.00000,83.16351,1.00000,372.20321,65.18972,176.27968,204.83245,1.00000,276.90012,123.90533
154.04092,1.00000,1.00000,270.98950,215.62966,256.94607,148.33984,1.00000,203.57999,295.90638,1.00000,94.02523,1.00000,273.92512,110.62484,210.14182,252.63856,1.00000,310.54800,110.03234
135.10465,1.00000,1.00000,283.04360,263.78710,345.56922,120.84804,1.00000,181.77351,301.20934,1.00000,115.35787,1.00000,235.63726,136.50471,188.17279,227.81626,1.00000,217.25300,101.18014
157.34562,1.00000,1.00000,251.94394,269.88322,249.99159,180.81935,1.00000,199.75843,196.05608,1.00000,93.48056,1.00000,309.49229,111.22320,128.35286,264.02905,1.00000,243.78473,124.21374
126.71723,1.00000,1.00000,209.36430,350.95945,262.59491,162.01843,1.00000,174.02659,338.72230,1.00000,141.47716,1.00000,250.45796,120.99143,151.87302,198.25989,1.00000,269.76477,137.14138
177.84022,1.00000,1.00000,202.74207,240.55865,275.77087,123.81637,1.00000,184.85796,312.59032,1.00000,120.58972,1.00000,233.73663,119.67224,175.34996,204.52324,1.00000,198.91459,156.45581
111.00153,1.00000,1.00000,231.31474,309.75796,360.32714,126.08384,1.00000,240.36166,256.46540,1.00000,116.58781,1.00000,325.27278,107.98168,196.91706,151.17961,1.00000,250.56881,85.66384
136.30054,1.00000,1.00000,272.17914,322.79543,250.96044,122.72414,1.00000,184.52158,277.55527,1.00000,141.01883,1.00000,388.21329,87.63958,179.31972,237.20125,1.00000,208.65675,66.11140
134.71245,1.00000,1.00000,285.97288,153.95346,265.88198,107.72531,1.00000,158.39070,285.14394,1.00000,140.44937,1.00000,246.43335,149.11098,188.89033,201.31241,1.00000,275.37298,108.28643
155.48382,1.00000,1.00000,331.51731,235.49521,224.15702,130.45927,1.00000,159.68648,182.07360,1.00000,124.92293,1.00000,220.40217,131.17102,161.57434,283.04720,1.00000,221.61884,93.37085
152.03874,1.00000,1.00000,251.60343,288.51940,300.30522,185.75896,1.00000,225.13316,290.68747,1.00000,134.13366,1.00000,242.22131,131.25537,303.54812,223.15369,1.00000,253.29909,80.48935
168.26629,1.00000,1.00000,273.85567,176.72979,269.23891,118.27008,1.00000,175.39881,180.93133,1.00000,119.34973,1.00000,210.95970,124.94585,243.09298,238.04755,1.00000,234.52583,85.21520
153.14509,1.00000,1.00000,253.50766,254.11572,246.92360,141.80800,1.00000,231.02245,370.96607,1.00000,102.67497,1.00000,185.85152,80.54816,169.97364,265.85643,1.00000,291.07203,117.07972
153.15157,1.00000,1.00000,331.58180,263.94179,321.69423,159.96162,1.00000,225.49392,287.79209,1.00000,77.90835,1.00000,265.30869,131.06034,143.92059,203.93383,1.00000,251.52249,97.26704
108.69119,1.00000,1.00000,237.00326,284.56790,268.36777,135.58778,1.00000,161.86312,263.74410,1.00000,126.76165,1.00000,310.11966,94.31892,142.16811,186.45613,1.00000,260.50487,107.21981
139.55216,1.00000,1.00000,188.19676,241.91378,216.75450,145.40396,1.00000,209.21543,195.22141,1.00000,113.38089,1.00000,210.19771,106.22203,198.17500,228.54524,1.00000,247.43649,93.09651
132.88394,1.00000,1.00000,247.40315,316.70567,221.40752,100.04081,1.00000,179.27699,275.84880,1.00000,133.29914,1.00000,213.43070,109.81157,205.90750,223.74873,1.00000,203.79417,83.75092
79.34051,1.00000,1.00000,250.38113,236.28931,168.95118,127.38955,1.00000,195.36583,273.92622,1.00000,65.95235,1.00000,297.59119,165.32815,203.69961,193.19267,1.00000,252.02819,136.41015
99.63211,1.00000,1.00000,299.88429,241.93282,328.92939,176.25437,1.00000,151.10112,263.02901,1.00000,126.95115,1.00000,258.35148,128.01848,219.22082,198.74210,1.00000,330.95315,117.88418
127.90465,1.00000,1.00000,231.28258,305.68675,256.07949,106.89421,1.00000,167.23706,178.28959,1.00000,109.66277,1.00000,333.53183,123.12655,171.92443,245.79653,1.00000,168.95195,78.32934
142.54664,1.00000,1.00000,215.51206,276.89810,256.61590,112.21917,1.00000,177.50710,363.62029,1.00000,133.69767,1.00000,179.06252,100.80575,239.45972,218.14443,1.00000,293.79515,95.67222
142.93933,1.00000,1.00000,270.89493,270.99822,305.95954,135.40180,1.00000,211.52829,274.38956,1.00000,110.50041,1.00000,298.39173,124.99661,195.39460,167.00053,1.00000,263.09734,88.90264
138.72652,1.00000,1.00000,255.13189,279.37955,343.14821,135.64977,1.00000,245.67916,349.57401,1.00000,100.88884,1.00000,184.58830,114.04858,234.32457,167.04820,1.00000,287.48497,65.39838
144.79683,1.00000,1.00000,315.50140,250.66525,291.36226,167.02980,1.00000,200.69532,438.64386,1.00000,132.89301,1.00000,258.82472,93.20410,240.02051,180.49742,1.00000,334.96836,95.80284
130.00515,1.00000,1.00000,205.02684,171.40171,260.39907,119.73465,1.00000,219.96133,327.90340,1.00000,114.96358,1.00000,269.98035,94.80898,254.11173,218.30834,1.00000,275.55556,115.10235
145.37455,1.00000,1.00000,238.14851,261.31938,275.24551,166.76618,1.00000,207.24066,260.17439,1.00000,125.79572,1.00000,249.01584,93.81903,272.59363,118.89360,1.00000,206.65491,103.83978
144.84642,1.00000,1.00000,222.86741,232.90009,328.27839,106.42034,1.00000,188.58211,260.03147,1.00000,106.83947,1.00000,268.13701,152.53813,249.78934,265.10691,1.00000,274.69949,139.54972
140.44074,1.00000,1.00000,315.03706,299.14083,268.56088,134.37715,1.00000,163.56165,287.80075,1.00000,130.32443,1.00000,295.76599,114.42606,160.33098,183.02305,1.00000,277.16471,120.80323
126.48313,1.00000,1.00000,283.41117,212.48802,326.83914,184.87496,1.00000,251.52989,296.14994,1.00000,136.01305,1.00000,268.41149,107.47184,206.61461,181.70421,1.00000,283.95703,111.50070
125.37521,1.00000,1.00000,237.83715,332.21704,219.13939,126.26951,1.00000,160.67372,193.43069,1.00000,85.10422,1.00000,336.52892,90.03367,172.35758,206.24650,1.00000,205.83111,89.19532
84.66736,1.00000,1.00000,216.62310,265.14282,211.61819,161.70789,1.00000,254.61567,305.92747,1.00000,85.97061,1.00000,324.22944,118.18103,243.93403,225.22960,1.00000,250.23591,110.38740
189.90324,1.00000,1.00000,274.90968,241.09092,276.00259,160.79397,1.00000,173.72158,374.82266,1.00000,122.85936,1.00000,215.32866,88.72478,127.91818,265.72212,1.00000,213.89883,88.06404
201.12009,1.00000,1.00000,341.58451,257.03383,238.35641,135.34890,1.00000,190.37476,302.95506,1.00000,63.47446,1.00000,231.12049,112.38222,197.27404,190.66744,1.00000,295.97765,122.63680
121.46100,1.00000,1.00000,220.56358,324.26311,276.21435,101.99324,1.00000,146.14193,393.11768,1.00000,94.42877,1.00000,300.90452,91.55381,132.97011,137.88951,1.00000,198.87051,119.47295
176.84635,1.00000,1.00000,305.40509,300.74085,222.59627,174.46042,1.00000,191.56316,349.55362,1.00000,118.80570,1.00000,212.31797,123.84288,175.43554,224.85511,1.00000,264.82349,121.50686
152.71654,1.00000,1.00000,273.58368,214.64867,278.05559,154.44387,1.00000,119.58770,292.54468,1.00000,107.29108,1.00000,256.98812,160.91068,137.41042,216.93368,1.00000,314.77287,79.01442
88.23950,1.00000,1.00000,389.97351,285.13951,221.28389,125.33888,1.00000,182.15570,334.45174,1.00000,95.17368,1.00000,208.23486,83.42891,189.00158,246.70428,1.00000,250.94599,63.10061
138.91095,1.00000,1.00000,147.47463,354.21481,314.82047,116.02612,1.00000,206.81929,340.36734,1.00000,86.61734,1.00000,348.59972,153.17617,195.41600,237.70570,1.00000,315.53936,79.70847
148.72039,1.00000,1.00000,222.91934,211.39435,278.16714,121.07138,1.00000,234.96808,221.21352,1.00000,103.53573,1.00000,207.26368,147.01108,200.47826,220.00646,1.00000,222.53925,90.60468
157.74716,1.00000,1.00000,208.46457,229.53664,282.37081,198.85234,1.00000,223.62563,342.69313,1.00000,94.84588,1.00000,176.19380,125.36534,211.80623,235.28742,1.00000,299.25179,108.90511
147.89098,1.00000,1.00000,310.32396,292.18779,188.47951,158.28800,1.00000,186.33674,298.11695,1.00000,128.26845,1.00000,270.11874,78.85753,130.81418,290.07795,1.00000,324.66658,116.72727
150.19608,1.00000,1.00000,159.07929,224.85733,244.39384,134.27055,1.00000,186.78090,302.79913,1.00000,46.74224,1.00000,297.88137,122.96328,241.84213,144.00748,1.00000,221.51309,121.78549
166.54533,1.00000,1.00000,215.20911,136.42956,285.59198,101.82293,1.00000,177.01038,198.80674,1.00000,58.12812,1.00000,275.23877,115.89474,222.98112,270.72950,1.00000,306.94717,96.04942
184.39562,1.00000,1.00000,209.83151,145.54881,277.23536,134.39892,1.00000,216.37350,271.40078,1.00000,116.37427,1.00000,241.34188,134.00238,180.39743,219.17835,1.00000,371.16315,132.09451
125.46531,1.00000,1.00000,318.41895,342.98329,280.81185,160.73622,1.00000,214.80693,283.14856,1.00000,131.76637,1.00000,251.21791,101.60289,178.10088,290.37638,1.00000,246.04830,125.49010
118.59636,1.00000,1.00000,174.57123,249.42930,279.28614,193.05005,1.00000,201.31275,235.32273,1.00000,135.67237,1.00000,304.40815,127.46864,221.60139,201.03625,1.00000,196.71243,103.69952
181.39665,1.00000,1.00000,339.78679,235.65596,247.53673,166.57695,1.00000,225.69305,180.60456,1.00000,122.89893,1.00000,242.95220,127.78359,232.25376,191.96439,1.00000,315.57030,157.26503
113.54564,1.00000,1.00000,225.98560,289.62472,299.47424,143.61573,1.00000,196.15562,288.84118,1.00000,106.62059,1.00000,368.46678,88.96708,275.31788,222.26752,1.00000,325.87946,144.20089
154.12110,1.00000,1.00000,334.85616,319.85294,264.02674,130.59217,1.00000,226.24057,243.52621,1.00000,129.80566,1.00000,221.71350,127.91493,176.10660,233.69186,1.00000,298.26081,145.29924
138.11685,1.00000,1.00000,157.68687,305.06494,343.81420,189.78479,1.00000,181.68396,279.41352,1.00000,119.24136,1.00000,324.20873,135.69904,183.49498,254.57848,1.00000,112.45828,101.45394
131.25893,1.00000,1.00000,210.90263,188.81095,339.40070,120.56724,1.00000,165.04542,267.41912,1.00000,132.25453,1.00000,267.70790,118.83726,201.93505,197.47937,1.00000,228.35891,107.27427
170.51834,1.00000,1.00000,169.06214,254.10850,339.67801,124.14137,1.00000,189.06377,400.80213,1.00000,95.57488,1.00000,280.36951,84.10534,177.74378,186.22637,1.00000,232.86606,67.18044
140.91816,1.00000,1.00000,279.70055,250.07288,287.27209,115.74213,1.00000,183.58827,314.45872,1.00000,118.00755,1.00000,327.80638,117.29809,193.97395,269.62511,1.00000,285.64588,117.63824
188.06313,1.00000,1.00000,208.09229,248.82316,254.72781,186.11277,1.00000,163.57365,299.99263,1.00000,110.13004,1.00000,273.42517,119.40168,212.49569,145.36753,1.00000,197.29978,95.83326
154.77341,1.00000,1.00000,196.86148,213.55680,287.71082,197.25545,1.00000,198.57696,386.20895,1.00000,99.45803,1.00000,187.70050,155.85173,176.97532,236.30629,1.00000,217.27864,101.74637
170.91915,1.00000,1.00000,231.33295,271.35749,243.91810,163.50723,1.00000,157.91886,206.10483,1.00000,124.37828,1.00000,304.04029,132.38670,201.83749,212.90095,1.00000,219.36762,106.84221
120.73883,1.00000,1.00000,237.37198,304.91743,226.66413,121.59876,1.00000,291.65960,264.06250,1.00000,123.08660,1.00000,258.55093,100.21287,164.97901,221.11975,1.00000,254.22369,153.75639
186.25354,1.00000,1.00000,382.44743,200.39252,312.45986,158.98599,1.00000,191.84654,180.33533,1.00000,131.26567,1.00000,303.56187,126.67897,175.76452,222.21027,1.00000,238.18719,113.96938
192.34356,1.00000,1.00000,245.81369,223.00503,288.66819,130.41489,1.00000,127.74553,307.83141,1.00000,126.47665,1.00000,273.11688,138.14337,167.92712,272.48115,1.00000,323.95794,96.81082
133.96300,1.00000,1.00000,194.97412,233.67680,241.83757,173.27286,1.00000,137.64282,323.10200,1.00000,139.67426,1.00000,205.18834,113.77340,219.05988,206.91859,1.00000,280.35374,103.31119
156.35497,1.00000,1.00000,292.16844,239.45712,231.97244,80.00468,1.00000,268.19645,244.36788,1.00000,133.86651,1.00000,203.80098,61.93457,177.29777,184.57700,1.00000,257.07951,105.81150
104.97926,1.00000,1.00000,273.51613,302.86441,270.82508,151.02290,1.00000,213.12433,287.65315,1.00000,122.71823,1.00000,349.41945,134.60978,190.26261,190.11840,1.00000,186.81006,120.27955
143.89018,1.00000,1.00000,170.57939,208.66910,321.48355,129.01096,1.00000,215.75514,263.21258,1.00000,124.06343,1.00000,301.83074,148.93850,167.26253,139.31797,1.00000,237.56120,115.71026
158.58548,1.00000,1.00000,216.58944,154.93210,321.10318,104.07359,1.00000,208.43864,368.06975,1.00000,112.60620,1.00000,351.03511,129.68164,164.57203,226.63772,1.00000,204.39480,133.67066
156.21756,1.00000,1.00000,336.25475,192.29643,305.68876,142.60473,1.00000,189.75067,313.42472,1.00000,105.12640,1.00000,269.08333,94.14340,169.75557,147.94363,1.00000,217.71904,104.76620
170.02590,1.00000,1.00000,311.68815,220.52275,208.93628,173.43867,1.00000,255.14926,191.33458,1.00000,97.63769,1.00000,237.30014,118.91265,173.12343,194.80387,1.00000,285.40516,115.57496
123.63561,1.00000,1.00000,270.48475,259.25630,321.86678,104.84227,1.00000,193.38505,273.91444,1.00000,108.57248,1.00000,248.35089,103.55565,227.68322,195.89220,1.00000,332.71109,73.82760
136.63861,1.00000,1.00000,180.66084,163.66431,222.71109,146.10023,1.00000,143.31189,252.41944,1.00000,84.32993,1.00000,254.21261,114.96799,243.52589,256.84454,1.00000,254.35496,117.40198
119.66032,1.00000,1.00000,283.31556,259.56419,265.62502,121.04511,1.00000,131.99193,406.17077,1.00000,134.85668,1.00000,300.33534,123.38579,123.98217,265.39764,1.00000,178.44464,115.66685
149.48144,1.00000,1.00000,193.10210,189.41797,165.15720,133.01904,1.00000,190.43247,300.57806,1.00000,126.27019,1.00000,196.00693,127.51734,239.08229,214.66747,1.00000,300.11826,104.69344
121.45474,1.00000,1.00000,204.17997,300.68726,302.88020,175.54848,1.00000,154.97714,232.63548,1.00000,103.45141,1.00000,269.80887,145.19191,146.40629,218.36634,1.00000,190.48520,112.30358
127.54157,1.00000,1.00000,309.50462,266.86904,264.08546,105.96253,1.00000,229.09991,358.19699,1.00000,126.35303,1.00000,345.89489,133.25205,245.75456,236.13698,1.00000,260.70406,126.14715
172.72254,1.00000,1.00000,290.01087,164.22322,229.38769,142.47719,1.00000,212.77473,367.95553,1.00000,92.53105,1.00000,223.70306,128.08725,189.06883,240.06821,1.00000,246.63500,114.58259
151.70916,1.00000,1.00000,193.44526,231.15869,285.13755,122.75766,1.00000,225.68014,321.29613,1.00000,110.22645,1.00000,222.45584,111.91418,246.50286,194.42829,1.00000,278.26930,155.92000
141.90295,1.00000,1.00000,278.93853,169.33629,298.25846,125.17097,1.00000,198.28848,198.68087,1.00000,140.81843,1.00000,313.12539,106.47847,201.85216,250.17460,1.00000,196.07290,84.94892
153.34931,1.00000,1.00000,254.66719,273.38696,213.19303,144.98969,1.00000,253.60759,253.02506,1.00000,140.20741,1.00000,346.69433,124.00121,165.60694,201.68940,1.00000,165.27993,93.06838
157.29863,1.00000,1.00000,301.56283,286.96684,345.55443,161.87442,1.00000,199.38004,342.78196,1.00000,123.05502,1.00000,289.94956,89.59278,220.95879,256.48321,1.00000,193.98650,98.65246
157.45726,1.00000,1.00000,191.65279,304.18477,206.53341,139.88485,1.00000,115.35698,340.70763,1.00000,136.43756,1.00000,220.13346,146.67007,258.51513,191.95124,1.00000,292.47495,107.86036
185.40928,1.00000,1.00000,335.92512,318.18011,156.65793,144.88742,1.00000,204.79887,387.34228,1.00000,114.68169,1.00000,422.75063,129.12418,238.96170,165.26078,1.00000,250.44920,68.84773
143.99769,1.00000,1.00000,185.73954,246.32426,274.90237,153.74941,1.00000,229.73815,262.14535,1.00000,87.21822,1.00000,245.83270,113.56488,243.40847,76.58282,1.00000,276.43246,100.67958
194.38786,1.00000,1.00000,325.41656,330.02983,288.99549,172.41096,1.00000,193.50064,289.72608,1.00000,106.21183,1.00000,290.12783,129.34807,191.48364,182.66516,1.00000,314.38053,112.40640
105.71313,1.00000,1.00000,165.21756,261.08999,269.68650,173.37221,1.00000,163.98456,384.86580,1.00000,103.80992,1.00000,255.32068,137.34618,266.53968,190.34177,1.00000,238.35048,115.76275
137.83810,1.00000,1.00000,282.53164,313.80803,332.47453,120.18417,1.00000,238.15374,246.76867,1.00000,79.62782,1.00000,202.42008,146.00816,237.10463,214.96351,1.00000,279.80751,92.38479
145.78964,1.00000,1.00000,316.43106,201.12740,357.26705,162.73284,1.00000,184.16364,262.15014,1.00000,122.73554,1.00000,248.00973,112.44575,138.29303,167.54807,1.00000,221.83363,152.20602
160.46849,1.00000,1.00000,285.34431,328.86113,291.52208,175.28071,1.00000,171.51891,257.81421,1.00000,120.83908,1.00000,253.22774,142.77286,276.79179,156.92745,1.00000,256.43100,114.28855
170.49144,1.00000,1.00000,320.85517,284.24101,232.80483,145.46925,1.00000,156.40557,347.27629,1.00000,108.47277,1.00000,341.31349,122.77910,195.94300,246.84486,1.00000,275.06838,116.68316
146.60101,1.00000,1.00000,255.39887,291.66870,196.39882,127.29688,1.00000,237.70178,175.13012,1.00000,84.96852,1.00000,247.77159,100.24039,223.95800,247.47668,1.00000,259.86114,153.60250
112.22950,1.00000,1.00000,281.29633,233.40050,211.85301,124.85521,1.00000,232.79594,271.77412,1.00000,67.23452,1.00000,259.17162,136.34576,221.77446,274.65444,1.00000,285.79973,141.28695
213.90603,1.00000,1.00000,270.30027,303.11989,240.74619,190.12204,1.00000,192.14222,359.45859,1.00000,124.28697,1.00000,274.40187,90.94668,142.76777,192.68811,1.00000,373.70551,112.27689
71.21146,1.00000,1.00000,286.89655,281.83757,215.65871,136.77177,1.00000,188.01821,265.65573,1.00000,110.92814,1.00000,398.24073,128.34752,255.52179,142.95242,1.00000,164.95493,108.27544
147.88606,1.00000,1.00000,391.44397,192.20202,249.55925,139.91973,1.00000,134.66348,302.89166,1.00000,123.15249,1.00000,232.89379,69.19428,218.13057,243.82388,1.00000,264.08339,115.64341
152.83674,1.00000,1.00000,260.92838,196.73518,318.41289,181.08170,1.00000,182.69522,314.64102,1.00000,102.76731,1.00000,284.71642,110.79053,124.96525,264.47353,1.00000,280.63090,115.91034
166.73958,1.00000,1.00000,138.78588,166.24519,295.47176,74.77635,1.00000,240.37597,220.85624,1.00000,121.91835,1.00000,245.26996,95.27430,251.77372,191.51485,1.00000,296.84479,170.93934
151.54191,1.00000,1.00000,242.14408,197.26515,333.23586,195.53554,1.00000,165.98079,298.93745,1.00000,110.66096,1.00000,282.27328,144.69391,240.05650,185.28915,1.00000,330.88374,91.04935
71.63215,1.00000,1.00000,179.98739,234.24649,254.61371,129.52052,1.00000,195.65079,314.32204,1.00000,92.19748,1.00000,302.62052,111.61288,170.30546,188.12826,1.00000,287.18642,80.34608
177.25988,1.00000,1.00000,335.12161,259.50781,295.23106,156.54487,1.00000,190.18342,241.84492,1.00000,126.38670,1.00000,273.91846,156.99202,280.63219,201.41433,1.00000,275.09167,78.51388
168.01324,1.00000,1.00000,315.86983,344.17229,309.04213,141.49456,1.00000,100.60862,389.79298,1.00000,119.94999,1.00000,277.49975,107.66146,296.87650,183.49873,1.00000,229.75419,110.17625
150.37488,1.00000,1.00000,262.07558,237.53040,254.39229,204.22010,1.00000,185.74126,241.11107,1.00000,134.66823,1.00000,211.20735,128.74183,143.69041,260.09321,1.00000,260.47661,106.83275
134.99432,1.00000,1.00000,301.01846,351.33609,341.34462,171.99610,1.00000,242.06117,310.63891,1.00000,125.69277,1.00000,322.07508,97.78569,123.65783,283.63033,1.00000,234.02136,106.54422
133.89639,1.00000,1.00000,275.80519,293.25882,233.44893,130.58790,1.00000,137.88114,325.70090,1.00000,105.99653,1.00000,254.89051,135.80670,244.56272,204.18950,1.00000,299.45402,153.55857
110.36804,1.00000,1.00000,293.82278,191.02030,304.22882,138.21090,1.00000,213.11308,278.54867,1.00000,126.06081,1.00000,278.22550,105.98864,132.87211,184.84945,1.00000,321.37884,123.86724
154.40265,1.00000,1.00000,217.48148,224.41601,357.26950,177.20384,1.00000,223.08398,254.77988,1.00000,118.72173,1.00000,262.62469,87.06527,239.59772,215.51587,1.00000,202.71796,72.96266
183.02876,1.00000,1.00000,290.02451,411.88211,176.53099,134.76637,1.00000,219.78762,307.49382,1.00000,113.21727,1.00000,251.88310,147.74840,202.75776,164.03116,1.00000,293.62372,84.48347
170.61176,1.00000,1.00000,317.28993,286.85362,236.76003,167.08554,1.00000,202.62889,139.16042,1.00000,102.44827,1.00000,250.30463,138.01999,113.07340,222.96201,1.00000,360.73018,103.61347
185.88817,1.00000,1.00000,273.73362,243.83202,257.88440,143.89847,1.00000,179.02400,263.65833,1.00000,98.45324,1.00000,254.07226,129.57192,167.72837,161.61149,1.00000,313.39220,150.57145
169.71341,1.00000,1.00000,271.86455,248.80226,210.07008,140.50456,1.00000,217.15448,342.66555,1.00000,109.14599,1.00000,222.33955,127.65598,183.10415,185.73462,1.00000,260.52105,121.48246
136.63422,1.00000,1.00000,256.09352,131.09625,361.62105,183.30108,1.00000,234.07649,354.92284,1.00000,131.40725,1.00000,313.18713,130.09815,175.30007,201.83482,1.00000,258.88224,102.82661
126.17233,1.00000,1.00000,305.63111,241.20898,242.76763,124.15357,1.00000,198.66282,390.67776,1.00000,109.31288,1.00000,415.85575,141.36096,160.13949,238.58398,1.00000,239.09035,111.12633
189.56386,1.00000,1.00000,209.93718,172.04049,224.24599,125.71078,1.00000,214.09775,324.03676,1.00000,147.01964,1.00000,363.58762,77.76156,196.22291,163.77391,1.00000,244.81777,104.73274
117.75412,1.00000,1.00000,285.50185,346.18398,312.40463,130.49449,1.00000,234.65180,251.37143,1.00000,91.60741,1.00000,254.99306,108.11053,249.67360,256.80329,1.00000,249.51920,98.15923
150.66978,1.00000,1.00000,295.21730,264.25855,317.74145,152.45006,1.00000,149.22710,289.63082,1.00000,112.90098,1.00000,238.86987,143.38733,231.95511,264.74135,1.00000,245.14858,45.74482
159.06775,1.00000,1.00000,282.39738,182.91347,264.61605,135.30567,1.00000,129.54150,240.27699,1.00000,127.31276,1.00000,225.81451,131.88603,198.96419,230.79572,1.00000,284.81195,92.44096
180.38588,1.00000,1.00000,229.80525,325.29061,286.42042,180.58846,1.00000,255.08542,147.83765,1.00000,73.07123,1.00000,248.35506,172.28171,223.57411,156.24770,1.00000,203.76504,116.72214
158.11305,1.00000,1.00000,259.21839,285.32397,201.21416,150.91920,1.00000,187.13019,220.46710,1.00000,129.64231,1.00000,298.28840,110.99394,233.29313,181.32198,1.00000,325.66029,83.99804
115.12819,1.00000,1.00000,286.50384,247.22682,302.56382,185.42177,1.00000,260.75572,172.57236,1.00000,98.37715,1.00000,231.30065,103.36088,148.72874,211.66730,1.00000,322.57209,132.17814
122.01754,1.00000,1.00000,253.53752,223.03341,194.49161,147.79515,1.00000,128.70036,238.86791,1.00000,128.18995,1.00000,150.81769,114.70657,229.06280,254.23050,1.00000,249.18144,51.77236
161.21796,1.00000,1.00000,258.95171,295.74649,358.04932,181.86467,1.00000,157.34474,380.40538,1.00000,105.26851,1.00000,231.23363,109.00525,162.77084,297.64030,1.00000,192.12183,142.79097
119.91932,1.00000,1.00000,369.73657,195.93292,254.71389,152.08230,1.00000,171.90022,309.86052,1.00000,77.57845,1.00000,357.40675,146.25189,185.09761,240.01372,1.00000,231.96887,97.76716
150.36599,1.00000,1.00000,329.09820,194.03399,159.00081,196.81690,1.00000,204.53475,341.24412,1.00000,131.39713,1.00000,247.28168,146.24309,234.21347,224.97295,1.00000,253.65139,104.43499
161.85110,1.00000,1.00000,232.03364,141.50688,283.42278,106.24430,1.00000,128.94529,298.74481,1.00000,140.49183,1.00000,210.67986,140.48263,186.61039,261.97190,1.00000,310.62127,76.12716
124.40567,1.00000,1.00000,231.84403,284.12924,282.74351,165.44733,1.00000,132.96056,274.16263,1.00000,104.34232,1.00000,254.57104,123.55081,205.65573,274.05256,1.00000,228.18316,77.10189
161.64294,1.00000,1.00000,254.35873,258.36657,278.82693,172.07307,1.00000,177.75575,270.41841,1.00000,119.03258,1.00000,199.40809,101.76290,208.00335,249.15673,1.00000,244.57991,92.55367
152.62346,1.00000,1.00000,294.77447,367.17197,326.96308,188.21105,1.00000,161.87529,275.04940,1.00000,119.40823,1.00000,321.30466,101.42803,300.89327,193.28059,1.00000,238.38459,131.10455
160.83991,1.00000,1.00000,341.02214,227.08489,258.23197,115.17875,1.00000,198.23016,249.56414,1.00000,134.85954,1.00000,151.08584,108.70193,119.38312,193.20462,1.00000,328.04645,113.31768
119.73400,1.00000,1.00000,229.53407,233.55488,227.55733,132.00042,1.00000,179.91133,308.24171,1.00000,136.20721,1.00000,258.67930,122.26384,155.41366,252.52849,1.00000,249.08075,99.42155
143.26457,1.00000,1.00000,326.06981,260.52449,315.74469,159.36334,1.00000,230.61302,317.59727,1.00000,133.08776,1.00000,187.44180,83.77819,157.68190,245.73208,1.00000,256.28811,107.03050
176.14093,1.00000,1.00000,261.79673,183.65880,337.47052,202.72003,1.00000,232.20244,356.15136,1.00000,115.90831,1.00000,186.06120,85.74685,207.12510,239.58670,1.00000,234.64181,128.47600
143.91364,1.00000,1.00000,280.81172,220.18610,149.48842,116.50787,1.00000,256.51669,262.09453,1.00000,95.60120,1.00000,255.56369,99.09367,130.40970,186.70081,1.00000,252.77340,63.16452
138.29992,1.00000,1.00000,241.48218,282.52683,303.90553,146.45560,1.00000,262.09473,291.79364,1.00000,119.17113,1.00000,246.28154,146.51031,246.96530,172.07088,1.00000,255.65717,70.98376
159.89115,1.00000,1.00000,270.52405,197.71155,258.78064,194.39353,1.00000,147.90037,335.06717,1.00000,125.52199,1.00000,302.04233,118.59127,245.00724,175.56182,1.00000,287.93710,77.29151
182.99652,1.00000,1.00000,331.89242,196.33712,359.84148,108.69931,1.00000,149.55147,297.30561,1.00000,92.36519,1.00000,227.20771,156.18990,194.66394,224.71227,1.00000,217.16531,161.10492
138.97940,1.00000,1.00000,314.27843,315.26378,165.26265,161.28453,1.00000,171.25747,300.69212,1.00000,128.34054,1.00000,336.75699,120.13133,188.14385,268.48863,1.00000,211.60440,140.56181
121.10905,1.00000,1.00000,349.40894,224.11062,310.10302,123.30148,1.00000,136.92700,295.32497,1.00000,113.04007,1.00000,262.39445,105.11644,199.67314,85.97148,1.00000,201.70926,126.67672
154.84027,1.00000,1.00000,238.97781,222.04903,270.31381,146.45179,1.00000,181.61248,238.34633,1.00000,145.11830,1.00000,267.79992,143.77733,177.99310,145.43998,1.00000,286.42386,92.08365
152.70461,1.00000,1.00000,240.70313,214.54095,324.67987,166.13031,1.00000,150.17040,404.90485,1.00000,103.47677,1.00000,226.20126,129.38035,271.13723,241.90516,1.00000,288.32625,151.46515
188.06804,1.00000,1.00000,170.59902,255.41347,214.18256,195.95310,1.00000,226.43813,261.79001,1.00000,105.52481,1.00000,206.21193,144.19168,176.23379,264.44633,1.00000,355.55147,65.53426
179.45664,1.00000,1.00000,335.77227,221.76583,250.04198,207.01059,1.00000,174.77119,215.15957,1.00000,124.57919,1.00000,305.95597,140.85518,219.42744,219.85250,1.00000,264.60795,97.43056
162.52009,1.00000,1.00000,278.47902,341.01412,254.44681,142.99481,1.00000,174.66878,193.01159,1.00000,85.64607,1.00000,225.12634,135.29388,296.01127,191.83882,1.00000,243.17545,78.47586
165.28886,1.00000,1.00000,306.02229,323.25266,288.31752,145.66382,1.00000,161.93598,270.74854,1.00000,158.83318,1.00000,247.09937,103.91916,200.03470,95.35705,1.00000,232.32841,100.58087
145.40768,1.00000,1.00000,267.06451,238.24480,390.10188,138.42058,1.00000,235.44269,246.33445,1.00000,119.66032,1.00000,283.68957,128.60737,298.67026,199.32953,1.00000,287.90688,76.22881
232.45531,1.00000,1.00000,264.81711,286.64916,261.37365,139.17328,1.00000,229.17361,297.51199,1.00000,130.32984,1.00000,272.11034,73.78612,147.88670,195.14371,1.00000,288.50244,113.53781
151.86148,1.00000,1.00000,234.89451,394.13639,260.24191,151.18711,1.00000,237.48628,309.95234,1.00000,133.87219,1.00000,215.30474,87.68725,195.97169,244.99699,1.00000,229.87066,104.35299
212.87249,1.00000,1.00000,193.70204,364.75483,201.60913,160.42962,1.00000,232.48007,303.89301,1.00000,82.90531,1.00000,351.28268,127.43713,171.99087,176.87440,1.00000,290.28462,96.83678
179.91800,1.00000,1.00000,306.06835,275.01135,180.21761,147.43937,1.00000,153.42698,265.06178,1.00000,109.28756,1.00000,281.55932,127.37344,245.91249,188.48544,1.00000,235.28596,91.80267
151.81124,1.00000,1.00000,329.06928,291.04237,280.04575,124.28682,1.00000,177.18273,246.05345,1.00000,131.48384,1.00000,250.77818,127.99914,224.50125,197.01043,1.00000,253.03390,115.38983
96.25764,1.00000,1.00000,324.25146,125.69834,191.68476,180.01155,1.00000,192.47191,235.16354,1.00000,141.89588,1.00000,224.50703,98.66587,199.37302,118.34967,1.00000,217.56695,101.94175
186.40074,1.00000,1.00000,321.14372,248.53882,231.50394,198.74233,1.00000,238.91941,282.37017,1.00000,135.42875,1.00000,196.81480,146.67483,217.33731,222.31468,1.00000,235.75796,160.89038
171.31294,1.00000,1.00000,253.68804,243.12137,232.61712,100.81952,1.00000,225.95840,356.07664,1.00000,118.98558,1.00000,264.93460,78.32613,127.77471,186.70617,1.00000,230.72807,155.15754
155.21721,1.00000,1.00000,309.18993,287.21558,244.32739,142.02331,1.00000,154.58750,189.26179,1.00000,77.83869,1.00000,223.64001,116.84604,238.39140,183.62874,1.00000,201.65935,120.72156
149.08893,1.00000,1.00000,223.96318,305.63719,178.00363,139.45408,1.00000,276.00427,294.08230,1.00000,130.57592,1.00000,158.54724,120.25838,192.94886,250.67434,1.00000,251.00950,106.47247
102.39823,1.00000,1.00000,155.47747,252.96192,267.59723,116.78810,1.00000,201.66029,215.31597,1.00000,130.26688,1.00000,249.44975,155.51271,159.74473,246.04423,1.00000,282.66447,121.48048
124.57946,1.00000,1.00000,244.02950,311.97588,328.69616,204.51283,1.00000,235.56147,227.72494,1.00000,93.75525,1.00000,316.02933,172.60601,266.09389,220.80732,1.00000,157.62220,116.85265
193.20712,1.00000,1.00000,220.21612,215.81855,346.46298,163.26265,1.00000,187.71788,261.32366,1.00000,140.89456,1.00000,266.68341,98.10416,189.61569,209.67692,1.00000,216.39970,132.21553
95.24467,1.00000,1.00000,258.25528,290.07947,339.30557,142.70063,1.00000,246.23845,298.41113,1.00000,109.77684,1.00000,254.89263,125.96843,196.75506,170.87537,1.00000,103.90686,107.34593
149.76115,1.00000,1.00000,237.37098,250.32791,211.18279,115.32974,1.00000,226.77069,256.66724,1.00000,104.30129,1.00000,316.52994,108.57223,222.33241,257.60019,1.00000,271.55578,72.64187
188.63442,1.00000,1.00000,416.39878,299.29799,326.98908,158.35455,1.00000,166.32147,378.64070,1.00000,94.91077,1.00000,228.43863,153.44507,218.81774,180.02016,1.00000,243.32593,118.67543
138.36745,1.00000,1.00000,417.22434,265.03480,283.32754,163.19106,1.00000,237.29589,262.17840,1.00000,77.83428,1.00000,263.37361,105.52920,224.84122,163.32835,1.00000,285.35071,101.08793
174.97505,1.00000,1.00000,289.79163,237.94758,223.57957,134.75430,1.00000,233.91906,339.82540,1.00000,121.93314,1.00000,287.99827,118.14455,248.21039,244.90989,1.00000,188.37912,134.87134
167.19073,1.00000,1.00000,268.76133,276.60089,228.08388,155.78977,1.00000,148.30902,330.95703,1.00000,73.97741,1.00000,234.43559,106.13018,302.61761,179.35721,1.00000,340.63134,103.55032
188.42627,1.00000,1.00000,250.03250,153.53223,316.07898,104.75608,1.00000,233.15398,279.71553,1.00000,137.61677,1.00000,276.42924,115.84903,275.34456,287.86353,1.00000,259.73355,121.43860
173.16338,1.00000,1.00000,302.44415,334.65429,241.63765,154.75751,1.00000,197.59256,184.65940,1.00000,128.09237,1.00000,194.90827,124.35205,258.76811,212.04772,1.00000,287.78415,98.78520
164.55065,1.00000,1.00000,376.02107,285.27324,228.78076,150.59532,1.00000,200.40152,274.38063,1.00000,115.83768,1.00000,321.27527,89.78001,163.30531,174.03456,1.00000,284.31330,112.90300
163.08736,1.00000,1.00000,234.40320,182.54770,262.01557,151.56391,1.00000,201.68502,342.26316,1.00000,107.51854,1.00000,351.92620,118.57619,149.17306,196.41313,1.00000,192.57778,112.85725
85.42074,1.00000,1.00000,184.21612,278.81365,184.14691,140.42610,1.00000,232.13095,253.53968,1.00000,116.39282,1.00000,270.46140,106.53883,179.73268,186.46729,1.00000,155.04947,74.92820
150.81056,1.00000,1.00000,204.80488,237.64910,314.22333,174.12890,1.00000,206.84653,378.32845,1.00000,134.08845,1.00000,334.88615,130.60916,172.77326,234.45955,1.00000,317.50096,119.65675
157.97471,1.00000,1.00000,208.33809,259.95184,222.52382,176.10826,1.00000,269.25204,238.48262,1.00000,91.10943,1.00000,260.15590,154.67747,211.78753,234.15733,1.00000,243.18590,117.39163
168.32255,1.00000,1.00000,205.47182,298.92218,313.07198,141.81919,1.00000,189.49810,300.48293,1.00000,115.70977,1.00000,259.85001,107.95234,181.56794,199.70306,1.00000,122.84619,86.92750
152.39268,1.00000,1.00000,240.12853,253.89518,270.90365,172.61558,1.00000,203.51028,394.99259,1.00000,106.54673,1.00000,230.78148,125.28500,158.22722,115.11967,1.00000,247.49798,107.72719
123.05688,1.00000,1.00000,258.61632,272.30385,262.96617,162.19149,1.00000,216.63108,237.19204,1.00000,112.46204,1.00000,322.82330,108.88824,131.10917,240.58297,1.00000,246.65596,92.14196
174.33275,1.00000,1.00000,238.30195,218.97100,229.26758,175.75134,1.00000,138.87257,339.27686,1.00000,110.18658,1.00000,295.12062,126.26382,224.55925,205.52421,1.00000,269.83875,129.16607
152.92046,1.00000,1.00000,289.95291,147.38988,255.11016,133.36996,1.00000,120.43397,223.91694,1.00000,115.38715,1.00000,296.00529,117.64631,162.86344,186.13359,1.00000,291.40399,144.83932
115.59848,1.00000,1.00000,325.03055,264.76052,223.71234,151.19990,1.00000,244.35570,235.00051,1.00000,136.77885,1.00000,305.89918,116.08672,212.66184,222.65747,1.00000,229.70132,125.58774
110.53956,1.00000,1.00000,383.87800,275.56967,339.87033,160.12289,1.00000,213.68217,284.04200,1.00000,106.21323,1.00000,267.02131,98.78023,95.64233,204.93185,1.00000,292.77158,132.10338
131.33733,1.00000,1.00000,193.94580,301.66774,268.46333,189.87363,1.00000,230.47259,197.03297,1.00000,129.19477,1.00000,166.90997,100.33382,189.34778,232.02394,1.00000,273.15665,148.28027
137.85929,1.00000,1.00000,281.96591,207.50676,292.41791,182.54613,1.00000,194.67338,326.53706,1.00000,147.05377,1.00000,295.24038,89.82341,250.96965,209.42117,1.00000,161.31919,121.16720
152.93913,1.00000,1.00000,224.48736,372.29745,275.41519,103.55773,1.00000,186.05429,331.64956,1.00000,118.28582,1.00000,257.54144,108.08391,138.60296,181.34103,1.00000,259.33273,90.98870
152.69306,1.00000,1.00000,290.79615,215.65651,219.92727,147.00336,1.00000,175.66439,239.37962,1.00000,100.44785,1.00000,213.86250,128.91239,157.61407,175.05961,1.00000,251.57582,127.87085
136.51197,1.00000,1.00000,326.29201,211.72630,257.04224,137.01117,1.00000,235.06427,191.97606,1.00000,99.92729,1.00000,317.64805,139.39762,187.31046,217.93104,1.00000,261.89805,142.54654
110.97189,1.00000,1.00000,363.94260,238.99183,234.59380,147.52251,1.00000,147.58658,235.25580,1.00000,93.57693,1.00000,336.54947,86.36784,188.34635,235.53333,1.00000,314.43277,135.32256
154.40200,1.00000,1.00000,263.15777,277.95701,280.75233,174.06895,1.00000,232.15322,390.06677,1.00000,121.63853,1.00000,307.17757,120.87105,263.96322,264.95022,1.00000,277.34465,131.82998
133.95905,1.00000,1.00000,282.06939,191.99203,296.32172,122.49012,1.00000,246.11154,244.83521,1.00000,134.41451,1.00000,236.49104,135.82796,232.58246,323.81501,1.00000,148.46568,115.08601
176.33454,1.00000,1.00000,196.82474,273.51529,198.24943,131.60896,1.00000,222.21635,314.46627,1.00000,88.31444,1.00000,385.10723,110.43012,170.65030,240.25054,1.00000,239.61391,78.48580
127.91536,1.00000,1.00000,249.10498,202.43515,333.07611,223.41546,1.00000,183.85413,349.00815,1.00000,100.88653,1.00000,336.42083,127.19416,219.75770,243.29467,1.00000,204.29951,143.75047
110.29618,1.00000,1.00000,291.09352,262.99093,291.74980,116.36060,1.00000,242.44157,332.03889,1.00000,131.46721,1.00000,309.63259,126.55330,206.14804,268.47231,1.00000,220.81215,123.21902
158.76951,1.00000,1.00000,265.55258,197.64199,324.90920,115.44360,1.00000,224.92890,221.85805,1.00000,102.01482,1.00000,310.97981,137.23988,186.05946,275.14457,1.00000,115.12960,94.69454
201.63414,1.00000,1.00000,247.50874,250.29018,241.22928,176.02342,1.00000,163.56680,354.41975,1.00000,133.36761,1.00000,226.65496,133.73123,259.23931,121.36385,1.00000,268.11821,141.04936
155.73614,1.00000,1.00000,238.96883,233.36937,214.13120,185.59308,1.00000,245.34026,272.93494,1.00000,120.54984,1.00000,327.73801,111.98622,214.81169,196.54572,1.00000,280.43154,83.57049
135.58380,1.00000,1.00000,295.15376,232.89807,156.93707,132.69335,1.00000,148.46778,361.73352,1.00000,92.13466,1.00000,187.60047,138.67801,195.96457,243.72585,1.00000,262.35376,117.15332
140.14449,1.00000,1.00000,212.52745,298.12835,321.66096,124.38925,1.00000,206.60712,243.50230,1.00000,101.00406,1.00000,324.68717,101.62258,203.55779,183.11671,1.00000,189.05190,97.16790
131.43544,1.00000,1.00000,250.83499,231.57296,264.53669,165.30995,1.00000,197.69228,427.66594,1.00000,127.26454,1.00000,281.78604,151.17405,213.14506,200.90266,1.00000,229.95623,90.54239
165.71844,1.00000,1.00000,270.17367,301.43397,316.18701,98.31549,1.00000,167.34129,267.96943,1.00000,107.80666,1.00000,302.81152,131.06328,244.96117,209.62727,1.00000,313.97847,109.64288
149.82212,1.00000,1.00000,253.44264,189.22706,208.44454,157.91200,1.00000,168.80065,230.10516,1.00000,149.05629,1.00000,281.35861,86.30284,146.54572,234.37201,1.00000,275.55368,86.54464
141.33611,1.00000,1.00000,302.60007,211.97290,269.12478,129.56052,1.00000,216.29133,281.29015,1.00000,84.23875,1.00000,192.33624,105.16427,235.10193,156.64000,1.00000,240.90131,65.06777
147.50633,1.00000,1.00000,229.58341,309.66629,238.41056,151.36735,1.00000,141.35187,242.37460,1.00000,112.38824,1.00000,170.23506,90.15141,206.26447,211.65475,1.00000,164.97883,124.69366
144.40887,1.00000,1.00000,289.48069,269.47728,248.67816,136.01946,1.00000,240.05203,394.85139,1.00000,121.01970,1.00000,231.44082,116.97351,246.08746,171.38721,1.00000,237.05424,127.80359
152.97254,1.00000,1.00000,215.12071,250.46469,245.44362,132.00594,1.00000,214.91088,227.47208,1.00000,119.66386,1.00000,302.15456,145.03062,242.90439,169.82974,1.00000,309.19789,87.46364
131.32002,1.00000,1.00000,235.06704,308.74349,338.75101,151.54444,1.00000,166.61992,326.48598,1.00000,122.62883,1.00000,225.95153,163.80202,202.20382,225.47587,1.00000,154.05758,147.71071
146.84884,1.00000,1.00000,281.39870,265.20787,292.31867,172.80109,1.00000,128.91850,363.92909,1.00000,103.47670,1.00000,280.18958,142.68824,176.82405,179.88016,1.00000,313.37243,133.75145
135.89412,1.00000,1.00000,266.24044,218.36780,201.01558,154.80558,1.00000,210.84579,263.47318,1.00000,98.68446,1.00000,259.31166,124.53613,187.67198,233.39013,1.00000,267.35458,120.63130
130.25112,1.00000,1.00000,289.17589,293.14354,249.00207,204.94447,1.00000,283.59605,143.79273,1.00000,91.80582,1.00000,317.86383,120.39899,180.67400,238.80664,1.00000,299.20158,148.02975
116.37817,1.00000,1.00000,247.81688,210.27564,278.37496,199.98525,1.00000,267.68050,287.24351,1.00000,153.95592,1.00000,279.41857,107.88637,233.51453,203.65488,1.00000,291.55596,115.42079
173.07196,1.00000,1.00000,280.36823,221.60596,370.01526,135.49914,1.00000,224.69175,241.68597,1.00000,105.34319,1.00000,164.25522,112.45184,244.63575,173.66109,1.00000,211.95359,129.80141
138.56352,1.00000,1.00000,243.70628,191.34945,273.79443,75.37032,1.00000,233.84958,351.88205,1.00000,96.98197,1.00000,225.87137,174.41451,205.11126,249.44834,1.00000,283.12559,107.33281
99.71239,1.00000,1.00000,208.83140,319.98355,227.00420,108.26235,1.00000,174.77313,354.65658,1.00000,117.85531,1.00000,254.56678,110.90515,176.43649,162.90154,1.00000,194.97217,110.95605
161.18596,1.00000,1.00000,328.29093,237.94935,302.73606,191.72195,1.00000,213.89251,284.46891,1.00000,83.57287,1.00000,248.51069,127.85381,225.37295,138.85280,1.00000,190.45525,117.62101
195.60315,1.00000,1.00000,246.36160,257.93887,257.22483,172.65817,1.00000,164.39442,302.47786,1.00000,87.70214,1.00000,238.10402,127.48000,151.92720,130.11138,1.00000,220.06952,76.95040
125.68988,1.00000,1.00000,270.42117,227.82219,313.89230,149.63193,1.00000,140.85725,281.98413,1.00000,124.60900,1.00000,473.02596,131.76587,245.55895,106.44265,1.00000,195.70773,137.23694
155.45729,1.00000,1.00000,279.41159,318.56684,367.41352,172.71737,1.00000,174.53590,302.29336,1.00000,112.40279,1.00000,265.20291,174.88087,233.37003,328.39630,1.00000,307.13705,65.70171
90.65523,1.00000,1.00000,154.23929,251.28099,262.38484,100.27863,1.00000,200.86953,203.04117,1.00000,136.57526,1.00000,256.80138,138.42690,208.46185,219.09841,1.00000,321.28011,82.65238
211.93214,1.00000,1.00000,154.97219,253.17741,264.15762,77.10540,1.00000,189.56398,289.99293,1.00000,125.57399,1.00000,382.18799,107.36384,200.88725,123.62420,1.00000,145.96269,142.80928
102.90713,1.00000,1.00000,411.89100,253.86937,296.64774,148.25186,1.00000,224.96162,324.06113,1.00000,83.04553,1.00000,289.93815,104.64096,270.35254,257.48310,1.00000,131.28213,87.67729
180.85772,1.00000,1.00000,269.84872,305.27674,251.64521,152.60670,1.00000,202.88427,359.06461,1.00000,117.18886,1.00000,233.09214,145.03912,236.08645,207.58726,1.00000,269.62169,124.63740
56.94930,1.00000,1.00000,178.39546,292.10503,212.19179,164.39587,1.00000,237.29132,293.73164,1.00000,107.10680,1.00000,192.71728,122.73678,256.45930,253.42386,1.00000,197.48490,74.20858
86.38684,1.00000,1.00000,291.19821,233.04293,311.19788,164.55429,1.00000,199.32790,279.40372,1.00000,140.25076,1.00000,406.76931,141.04149,187.99781,175.70988,1.00000,161.12124,113.67016
177.01697,1.00000,1.00000,343.41097,213.92684,281.63942,172.86221,1.00000,245.03421,299.30734,1.00000,127.78710,1.00000,116.74355,106.79490,138.15021,243.30751,1.00000,195.12157,112.00641
151.58782,1.00000,1.00000,221.55461,243.36176,276.00155,171.66628,1.00000,180.39819,198.90663,1.00000,80.09727,1.00000,163.29931,138.24938,281.70760,239.15091,1.00000,244.88587,76.60595
78.02422,1.00000,1.00000,170.32549,154.17103,261.19912,136.37528,1.00000,178.55824,377.61105,1.00000,91.14187,1.00000,252.89508,153.29256,194.41838,159.27148,1.00000,304.87909,86.96658
88.71965,1.00000,1.00000,189.97710,228.22162,433.35585,143.03192,1.00000,136.00762,409.21786,1.00000,130.21509,1.00000,257.21182,150.51018,177.61016,159.46872,1.00000,206.75459,110.74826
147.24275,1.00000,1.00000,254.01688,306.31765,218.70450,171.80208,1.00000,218.82096,348.25187,1.00000,128.26908,1.00000,285.63566,90.71713,195.29213,198.35906,1.00000,149.61770,92.31162
189.31590,1.00000,1.00000,273.74636,181.37438,286.87906,194.27002,1.00000,227.24906,243.44842,1.00000,116.03897,1.00000,285.34196,131.01453,128.62728,212.97548,1.00000,252.25407,94.41257
159.04454,1.00000,1.00000,166.14656,240.01746,357.90015,152.01822,1.00000,276.55536,225.56979,1.00000,98.70564,1.00000,247.99547,120.41596,180.91358,190.42316,1.00000,222.14399,130.93091
144.67864,1.00000,1.00000,195.75282,341.80218,352.98253,134.07448,1.00000,220.35978,294.91743,1.00000,136.46994,1.00000,275.28201,108.68318,206.15743,159.89631,1.00000,224.31533,123.05487
167.43416,1.00000,1.00000,275.08523,226.76816,274.60989,185.25175,1.00000,184.65015,226.38204,1.00000,100.69383,1.00000,296.61655,126.87302,185.97619,186.30020,1.00000,184.55240,107.23482
169.33399,1.00000,1.00000,260.23948,251.88805,228.99885,186.36495,1.00000,225.08026,224.74966,1.00000,105.17804,1.00000,239.65259,99.72458,310.26009,232.00025,1.00000,287.32384,86.41260
138.82177,1.00000,1.00000,320.00952,134.33964,249.11685,174.06299,1.00000,201.25379,379.15960,1.00000,130.50675,1.00000,267.38272,147.09024,119.79027,153.46051,1.00000,306.77903,111.53644
115.84644,1.00000,1.00000,262.39538,358.30488,231.41054,144.14922,1.00000,164.90008,276.90549,1.00000,138.25528,1.00000,189.16140,101.23164,154.05862,260.70701,1.00000,282.54529,99.66208
152.04181,1.00000,1.00000,150.98250,138.99412,438.96337,146.48414,1.00000,201.50357,220.29998,1.00000,85.54425,1.00000,269.81951,135.05164,142.73715,286.02173,1.00000,291.96526,115.93200
146.83302,1.00000,1.00000,249.72261,236.64540,245.11400,125.24625,1.00000,188.50919,286.14631,1.00000,67.65692,1.00000,328.93192,133.38278,271.58950,210.51870,1.00000,339.30996,107.62866
133.48252,1.00000,1.00000,274.68628,249.02306,275.30645,133.65741,1.00000,260.13997,329.39649,1.00000,89.30933,1.00000,300.12480,110.23153,127.43875,152.22427,1.00000,239.25133,117.86131
164.03124,1.00000,1.00000,244.87880,246.97557,239.84844,166.10680,1.00000,134.78422,266.25892,1.00000,154.73411,1.00000,299.50279,64.88887,193.66670,258.24563,1.00000,359.01082,111.17644
100.91980,1.00000,1.00000,318.09897,203.14529,285.87081,132.73871,1.00000,227.67531,388.87346,1.00000,118.25035,1.00000,295.72573,140.03660,172.72284,175.07545,1.00000,284.79335,92.15963
104.46783,1.00000,1.00000,230.48457,159.36292,252.74201,169.50724,1.00000,210.29646,195.78835,1.00000,121.91643,1.00000,380.49804,129.65842,148.15277,238.15055,1.00000,215.74102,80.01554
198.85707,1.00000,1.00000,305.06240,218.07622,173.19240,195.77066,1.00000,197.63226,210.92970,1.00000,116.55556,1.00000,296.99010,80.69167,199.83710,154.02865,1.00000,275.41463,112.78459
158.63917,1.00000,1.00000,324.03686,328.94288,238.25344,172.68403,1.00000,220.87020,189.80841,1.00000,93.87224,1.00000,226.20423,102.17241,234.60262,233.46628,1.00000,319.82619,113.81758
155.99989,1.00000,1.00000,252.35861,222.16140,251.48117,173.49151,1.00000,269.81009,264.11738,1.00000,98.51849,1.00000,167.27920,122.98634,221.74793,173.78667,1.00000,265.25878,119.52804
149.62160,1.00000,1.00000,279.23684,285.20447,319.65726,141.31498,1.00000,243.24273,278.40783,1.00000,163.88203,1.00000,296.97640,106.86130,232.34603,223.22082,1.00000,274.89513,73.78404
121.31538,1.00000,1.00000,268.76697,237.08213,189.00044,135.13846,1.00000,259.86995,343.38394,1.00000,94.29892,1.00000,284.71165,116.81000,179.28154,217.22309,1.00000,144.37635,122.76742
150.16838,1.00000,1.00000,204.03761,232.48527,229.02672,130.01320,1.00000,154.99545,334.18107,1.00000,137.82002,1.00000,210.41178,90.71458,126.44055,190.50829,1.00000,211.62787,99.05302
114.70866,1.00000,1.00000,280.28699,268.01521,235.79395,177.27926,1.00000,217.85801,396.73586,1.00000,108.33001,1.00000,232.33757,95.21322,123.28531,204.06341,1.00000,243.72239,115.34067
61.61556,1.00000,1.00000,244.21112,177.50898,347.01142,158.63256,1.00000,195.96308,258.85690,1.00000,118.62568,1.00000,221.53418,85.56493,242.81057,210.93118,1.00000,387.47464,142.20603
125.53217,1.00000,1.00000,115.88680,288.16009,266.28878,145.10522,1.00000,246.37280,355.94940,1.00000,123.84244,1.00000,307.02396,118.54857,164.42727,256.21043,1.00000,304.68583,143.07749
175.56170,1.00000,1.00000,238.35776,294.63981,274.62811,185.99555,1.00000,172.62132,290.33107,1.00000,132.30452,1.00000,220.68761,124.87646,169.75975,246.46327,1.00000,286.04760,103.08685
74.34749,1.00000,1.00000,319.94502,308.51556,303.37687,104.59246,1.00000,227.50555,297.80403,1.00000,143.48495,1.00000,158.95336,75.28087,160.73296,168.88762,1.00000,267.41485,121.79957
115.20007,1.00000,1.00000,203.88310,288.17445,231.62528,172.81244,1.00000,108.12791,217.47744,1.00000,102.39191,1.00000,244.94686,105.09636,246.80227,223.30092,1.00000,243.61464,110.55587
160.74173,1.00000,1.00000,340.10815,281.34542,346.64500,95.78752,1.00000,227.54247,303.33237,1.00000,127.66914,1.00000,266.04530,133.25206,166.15733,270.73062,1.00000,248.10131,92.56205
136.40105,1.00000,1.00000,259.36328,298.85682,342.54616,162.43658,1.00000,197.62123,265.15661,1.00000,153.18954,1.00000,251.75745,136.02552,256.21519,266.49194,1.00000,256.80069,87.59017
129.63158,1.00000,1.00000,302.55450,276.14100,321.24047,101.51822,1.00000,156.00916,234.18929,1.00000,121.64599,1.00000,294.61159,54.71969,237.56767,148.48332,1.00000,267.88321,105.61713
131.30160,1.00000,1.00000,141.64906,244.27245,313.76904,153.87743,1.00000,217.13015,236.44100,1.00000,97.10721,1.00000,281.92156,110.48365,175.54864,197.10054,1.00000,213.78927,98.03521
132.48882,1.00000,1.00000,230.11106,317.43278,266.10984,220.55718,1.00000,173.18374,242.51213,1.00000,97.09394,1.00000,360.02844,58.68013,264.53010,286.06923,1.00000,72.98533,118.61356
111.67552,1.00000,1.00000,350.76563,183.61842,326.69748,160.29946,1.00000,178.18421,407.89779,1.00000,123.17305,1.00000,271.64112,104.45178,235.96035,195.55973,1.00000,260.28657,96.10276
142.87887,1.00000,1.00000,287.38778,280.10375,163.18862,115.84584,1.00000,159.83640,339.57533,1.00000,113.68644,1.00000,270.62226,99.47621,226.61203,187.37697,1.00000,262.77942,134.23667
186.64179,1.00000,1.00000,222.47920,220.64049,353.48458,172.67325,1.00000,206.67259,271.04652,1.00000,161.80215,1.00000,209.82991,70.18311,162.44713,222.30506,1.00000,235.97377,106.81342
123.19507,1.00000,1.00000,242.95948,383.92320,245.73320,170.79224,1.00000,252.38841,219.86662,1.00000,148.65205,1.00000,255.31935,121.70346,229.17961,192.02778,1.00000,205.71000,112.02045
65.77267,1.00000,1.00000,366.92703,311.51835,253.92376,166.73370,1.00000,183.35493,361.48931,1.00000,118.73217,1.00000,375.64797,155.03828,217.93243,255.78148,1.00000,321.57957,78.83212
152.55397,1.00000,1.00000,223.99233,298.36350,302.93672,200.38624,1.00000,206.46606,262.11468,1.00000,90.76684,1.00000,228.71671,115.68783,130.10557,220.14840,1.00000,247.37635,97.14572
167.24439,1.00000,1.00000,194.00049,228.12685,183.82920,121.85816,1.00000,174.60082,253.64927,1.00000,127.05041,1.00000,260.90706,134.11479,178.48158,164.47897,1.00000,176.96195,127.79249
168.31503,1.00000,1.00000,246.86505,298.58940,282.70686,115.38654,1.00000,230.73627,284.82437,1.00000,97.08506,1.00000,231.89174,90.12924,244.49254,208.91331,1.00000,259.73606,133.39832
152.90345,1.00000,1.00000,276.86798,239.68253,275.53458,169.99335,1.00000,223.28328,424.26740,1.00000,139.13984,1.00000,133.26530,136.22190,222.85083,287.70408,1.00000,234.96666,118.99883
178.44555,1.00000,1.00000,168.56548,255.73070,309.90482,131.18603,1.00000,257.01468,220.30965,1.00000,131.84041,1.00000,368.01448,138.02043,179.92510,298.67774,1.00000,290.96183,53.40628
103.27294,1.00000,1.00000,304.41209,300.37867,289.76997,166.28477,1.00000,153.18939,249.90274,1.00000,138.76383,1.00000,207.01586,115.87798,205.16080,228.21436,1.00000,291.02260,126.68253
133.39736,1.00000,1.00000,201.83387,282.35655,249.14837,150.94607,1.00000,158.80872,278.23279,1.00000,147.72107,1.00000,218.60684,142.59877,149.80929,291.25559,1.00000,226.26629,101.26638
144.27411,1.00000,1.00000,269.49111,192.64285,293.04497,141.57541,1.00000,186.56158,321.72775,1.00000,99.10049,1.00000,418.01672,132.56482,134.61526,196.74698,1.00000,287.60964,89.13584
125.13850,1.00000,1.00000,320.68425,150.96425,293.93466,72.93445,1.00000,216.08010,330.20838,1.00000,97.26158,1.00000,332.03172,147.25088,243.99811,157.64266,1.00000,201.72128,77.18809
156.90091,1.00000,1.00000,225.53396,238.60325,330.69182,118.35442,1.00000,212.73616,291.74595,1.00000,117.09615,1.00000,338.32052,122.17430,242.50703,146.18212,1.00000,234.49981,61.31017
124.93977,1.00000,1.00000,311.81550,255.49542,355.43849,179.25514,1.00000,241.24394,268.05030,1.00000,131.12874,1.00000,264.05811,140.96381,119.70778,178.13287,1.00000,231.69171,132.24194
102.96520,1.00000,1.00000,261.41635,236.56386,307.97345,129.79017,1.00000,253.39680,328.57076,1.00000,122.89741,1.00000,309.94681,115.61497,227.61100,188.71078,1.00000,308.42137,77.52106
128.74280,1.00000,1.00000,221.46872,249.37042,310.26784,186.51304,1.00000,245.32504,304.36792,1.00000,111.02878,1.00000,233.75069,121.33422,197.88011,263.57070,1.00000,237.89220,107.63495
196.16246,1.00000,1.00000,299.65616,309.49942,154.89979,161.46206,1.00000,228.28972,226.53612,1.00000,139.83003,1.00000,303.15383,142.21247,214.54779,235.70375,1.00000,177.30315,110.51746
121.69287,1.00000,1.00000,214.39456,255.02198,260.04201,151.05270,1.00000,263.90891,227.15525,1.00000,94.72545,1.00000,198.11607,121.14418,229.07096,225.94966,1.00000,337.85734,70.03409
146.71110,1.00000,1.00000,274.03316,322.85178,219.11106,106.27995,1.00000,242.87038,295.68753,1.00000,159.23396,1.00000,286.06698,98.76140,177.18388,252.59840,1.00000,335.15353,130.23531
147.86188,1.00000,1.00000,188.64838,221.49956,300.78782,166.70878,1.00000,203.14023,403.69108,1.00000,116.75839,1.00000,238.97875,87.76175,279.10718,272.57880,1.00000,276.65582,120.32396
85.26639,1.00000,1.00000,282.20753,241.85673,250.65103,137.89911,1.00000,198.37529,294.27441,1.00000,93.25431,1.00000,158.21517,110.37882,133.30525,184.99947,1.00000,340.56391,122.83782
107.70874,1.00000,1.00000,266.63520,278.21803,234.26215,153.98287,1.00000,183.64634,278.86904,1.00000,110.60512,1.00000,258.11849,141.11176,60.85578,185.79198,1.00000,230.44083,118.53849
140.24412,1.00000,1.00000,336.96929,304.03170,245.10376,114.39739,1.00000,216.84093,247.08126,1.00000,103.93923,1.00000,274.41276,146.32614,172.55142,237.02115,1.00000,246.39577,138.79683
114.86270,1.00000,1.00000,210.86393,223.66809,369.15984,136.70659,1.00000,201.64520,263.19114,1.00000,115.74406,1.00000,198.49124,100.94177,202.52243,166.47340,1.00000,247.85374,97.57454
181.29038,1.00000,1.00000,189.56055,110.26287,364.26153,135.14935,1.00000,139.21331,306.07053,1.00000,92.08749,1.00000,391.26448,107.82061,273.67212,241.08474,1.00000,281.12668,100.14043
106.61363,1.00000,1.00000,335.94136,254.92800,257.57111,141.04778,1.00000,217.94333,280.49823,1.00000,112.52689,1.00000,268.43620,83.16840,237.52466,198.90425,1.00000,288.58126,85.50581
167.92082,1.00000,1.00000,269.16704,187.73274,311.46821,181.79281,1.00000,200.49253,322.16606,1.00000,128.44651,1.00000,311.41450,120.72683,292.98882,250.50233,1.00000,399.41180,97.51636
154.42160,1.00000,1.00000,233.69646,272.83706,214.14493,174.68880,1.00000,151.15889,313.09473,1.00000,120.44187,1.00000,177.55952,131.64353,148.37624,228.77416,1.00000,334.75272,92.56148
155.42181,1.00000,1.00000,273.25093,265.31356,327.47650,84.90363,1.00000,137.66800,261.15548,1.00000,139.47759,1.00000,248.19688,99.35234,235.88950,274.55115,1.00000,301.27994,95.07974
159.61225,1.00000,1.00000,270.52726,209.41398,332.09440,169.04258,1.00000,202.00400,299.19850,1.00000,143.09248,1.00000,285.72406,83.90682,224.98362,268.88001,1.00000,273.46135,66.66490
131.81013,1.00000,1.00000,178.12370,232.63909,217.94649,205.68599,1.00000,225.28978,259.38547,1.00000,105.53840,1.00000,364.74869,180.02664,209.51351,276.48887,1.00000,260.24216,89.69089
98.62630,1.00000,1.00000,248.98939,281.97378,258.68945,134.03074,1.00000,261.55254,320.70224,1.00000,84.84026,1.00000,258.07747,119.29395,182.82222,173.32880,1.00000,240.47415,86.11854
171.05369,1.00000,1.00000,258.74681,352.39545,302.96419,179.63880,1.00000,215.66527,299.51859,1.00000,114.20187,1.00000,354.58504,105.74356,197.26635,289.05000,1.00000,171.39307,121.17489
132.81350,1.00000,1.00000,208.00853,225.54304,222.75317,140.43396,1.00000,200.57449,257.60947,1.00000,138.06229,1.00000,254.04396,140.63976,216.79107,170.28310,1.00000,290.89194,131.85451
92.70244,1.00000,1.00000,253.49647,296.41492,252.45038,131.27217,1.00000,223.49746,349.95389,1.00000,134.90020,1.00000,225.48711,127.16445,245.08110,250.66866,1.00000,264.57677,113.04276
133.89879,1.00000,1.00000,180.56754,200.56523,248.06098,176.13739,1.00000,49.57227,312.53914,1.00000,95.31499,1.00000,297.23743,131.25775,194.46054,241.52866,1.00000,265.40729,65.83159
164.69396,1.00000,1.00000,286.92272,215.82140,226.46648,200.79762,1.00000,184.61987,304.20237,1.00000,74.92047,1.00000,377.94519,81.77470,240.37724,223.33984,1.00000,227.01024,96.52027
137.86534,1.00000,1.00000,277.90532,230.62668,374.66781,127.08309,1.00000,192.15349,233.19218,1.00000,137.83582,1.00000,178.54932,118.91603,121.75576,220.87312,1.00000,183.79467,142.15356
