128.74046,1.00000,1.00000,296.10500,351.95887,305.75128,138.41764,1.00000,163.09190,237.70935,1.00000,106.27399,1.00000,239.10149,127.96191,167.98523,128.80997,1.00000,18.40735,108.28319
225.54653,1.00000,1.00000,224.73090,172.49338,254.96913,116.70374,1.00000,234.51807,311.67597,1.00000,120.95274,1.00000,298.21812,104.11608,214.02830,295.11694,1.00000,293.64966,126.81629
112.94192,1.00000,1.00000,144.45659,167.05560,204.33317,48.73301,1.00000,285.07618,334.76613,1.00000,100.11639,1.00000,279.74592,107.92295,226.26226,196.11127,1.00000,302.07667,54.33923
129.59328,1.00000,1.00000,312.12626,296.58243,336.54795,126.88647,1.00000,250.50695,271.58766,1.00000,80.29459,1.00000,129.09702,86.53386,90.61846,186.80905,1.00000,218.14193,127.59070
131.02822,1.00000,1.00000,161.24263,310.01908,240.38156,102.96995,1.00000,198.49004,444.71814,1.00000,124.16697,1.00000,279.73094,139.38510,136.78585,291.40101,1.00000,267.61144,95.68949
83.06527,1.00000,1.00000,377.46723,311.43501,346.32297,111.40168,1.00000,167.95444,477.97027,1.00000,62.50262,1.00000,252.67508,167.75990,127.02028,277.98352,1.00000,296.96567,97.73443
92.16568,1.00000,1.00000,223.06599,349.90511,261.21231,138.16301,1.00000,186.33066,403.19744,1.00000,95.10186,1.00000,206.27193,114.07453,293.42877,361.00883,1.00000,327.18882,131.57444
135.36291,1.00000,1.00000,236.26909,264.52602,217.34654,156.53846,1.00000,201.61193,199.19059,1.00000,141.11510,1.00000,206.84581,70.32687,187.43640,239.15081,1.00000,232.84817,124.52127
73.60050,1.00000,1.00000,380.77107,221.36475,226.03776,168.26685,1.00000,274.59727,432.87316,1.00000,127.07145,1.00000,372.33021,120.95437,159.64099,191.41106,1.00000,238.41811,140.29330
128.74627,1.00000,1.00000,266.96143,270.24295,189.50457,199.87999,1.00000,139.79589,300.84960,1.00000,139.85051,1.00000,406.18725,107.63773,186.05582,179.43137,1.00000,268.48138,132.36104
149.01714,1.00000,1.00000,350.88836,242.94509,263.27412,218.64781,1.00000,223.93633,170.02251,1.00000,78.33095,1.00000,147.82179,104.75354,142.88338,140.80659,1.00000,253.40042,106.32197
172.11005,1.00000,1.00000,263.66017,360.51592,367.90511,172.41901,1.00000,158.80465,195.11297,1.00000,90.81435,1.00000,397.56045,114.49531,284.21892,192.42272,1.00000,193.04209,92.39977
118.89387,1.00000,1.00000,250.24696,204.02358,275.31562,133.85749,1.00000,206.82532,340.66499,1.00000,83.29489,1.00000,202.86775,73.56558,164.56470,200.46580,1.00000,327.22527,143.22764
117.27756,1.00000,1.00000,258.69519,270.86358,262.88179,148.14511,1.00000,72.88935,266.76554,1.00000,126.90083,1.00000,258.33865,114.88713,189.63263,269.25817,1.00000,247.57345,87.38071
85.46561,1.00000,1.00000,471.42676,276.66568,303.64854,219.43806,1.00000,166.16812,219.53248,1.00000,129.83173,1.00000,342.86617,97.59391,269.49960,246.45428,1.00000,143.77594,194.42839
104.61438,1.00000,1.00000,271.44843,191.08260,188.59198,169.51042,1.00000,241.21578,375.45144,1.00000,151.21972,1.00000,319.97278,91.16807,196.86160,246.39472,1.00000,232.52637,142.88936
139.95945,1.00000,1.00000,227.90717,173.08564,251.93937,175.71303,1.00000,214.94570,334.96296,1.00000,77.83099,1.00000,165.27221,178.34629,201.03945,174.08098,1.00000,276.03616,112.08352
179.38492,1.00000,1.00000,229.31153,338.52209,252.24660,173.62032,1.00000,260.67298,309.66167,1.00000,138.60911,1.00000,323.85724,78.85194,113.32360,254.05692,1.00000,258.25169,54.46421
232.63146,1.00000,1.00000,402.67228,188.81616,310.57932,126.09343,1.00000,172.08925,354.65922,1.00000,106.39087,1.00000,147.24651,87.16679,148.08085,171.82460,1.00000,257.02812,124.51809
172.81056,1.00000,1.00000,98.24968,317.36882,192.53384,140.22105,1.00000,196.81105,302.96409,1.00000,118.82584,1.00000,150.19094,126.79666,210.09865,215.30985,1.00000,286.90001,131.33896
130.75386,1.00000,1.00000,330.84271,41.21097,268.52080,143.82543,1.00000,194.62883,238.83491,1.00000,101.62654,1.00000,251.96030,67.56191,193.79395,273.61466,1.00000,307.60940,104.40429
142.58239,1.00000,1.00000,196.15106,301.99459,262.26749,210.18042,1.00000,238.75166,362.01283,1.00000,118.84512,1.00000,121.69152,116.30492,202.07326,223.49422,1.00000,321.07694,64.13444
99.04784,1.00000,1.00000,344.32858,253.33104,310.80953,166.08976,1.00000,164.88213,227.18488,1.00000,145.15522,1.00000,243.07405,61.81940,178.18814,146.93509,1.00000,293.76663,70.00403
135.90849,1.00000,1.00000,339.89009,343.51549,309.95210,102.44757,1.00000,194.65761,341.67878,1.00000,153.74323,1.00000,263.55047,79.66617,254.06435,106.03294,1.00000,260.50173,98.54448
122.72941,1.00000,1.00000,235.40094,186.98893,285.15171,85.63911,1.00000,200.09781,355.73543,1.00000,72.21905,1.00000,188.79773,140.28603,222.41746,116.41438,1.00000,330.91653,104.26323
157.44274,1.00000,1.00000,183.67742,320.29868,240.69742,168.40131,1.00000,187.12766,340.04587,1.00000,115.41081,1.00000,255.16130,116.67303,169.89554,159.91824,1.00000,184.11703,142.72502
104.97558,1.00000,1.00000,345.06920,337.94414,238.75555,143.33268,1.00000,242.44544,430.66828,1.00000,86.94789,1.00000,385.37009,145.77787,102.04640,183.95919,1.00000,360.49519,128.58295
143.01399,1.00000,1.00000,225.42035,246.68941,238.60694,163.23467,1.00000,211.46565,295.48596,1.00000,121.21769,1.00000,242.41579,58.62188,172.02810,228.31734,1.00000,309.25183,102.68112
144.79221,1.00000,1.00000,220.05951,197.67341,360.29470,186.31306,1.00000,246.52759,304.51717,1.00000,172.58482,1.00000,150.12858,93.68597,187.96852,159.81795,1.00000,264.67852,104.40004
105.47118,1.00000,1.00000,259.49082,281.46568,285.44498,110.32543,1.00000,109.42871,208.56288,1.00000,135.81145,1.00000,173.11820,80.83834,246.47813,263.75088,1.00000,348.91429,125.11856
184.55372,1.00000,1.00000,375.18310,255.23617,291.76121,190.02034,1.00000,326.26618,278.57970,1.00000,104.59286,1.00000,187.08688,112.76521,157.50824,173.50952,1.00000,369.33844,83.24849
186.28872,1.00000,1.00000,211.96352,245.31105,395.56274,143.92651,1.00000,196.91551,294.79941,1.00000,118.72179,1.00000,327.45719,143.35670,199.64887,252.14957,1.00000,353.71543,88.60514
164.19037,1.00000,1.00000,235.65236,307.04482,206.21428,174.83104,1.00000,159.55250,228.01814,1.00000,142.16988,1.00000,123.47132,153.70017,180.60719,251.30252,1.00000,175.09684,99.64328
154.19486,1.00000,1.00000,168.03583,237.64871,253.67386,129.24546,1.00000,195.50916,212.43275,1.00000,142.91512,1.00000,181.01344,96.94184,280.67450,246.98410,1.00000,123.77124,101.61912
146.60987,1.00000,1.00000,143.04323,261.29278,239.11093,134.27295,1.00000,158.67182,224.49171,1.00000,119.38324,1.00000,205.20917,85.11023,275.50278,191.94301,1.00000,372.75452,100.35918
68.85495,1.00000,1.00000,88.10405,251.09776,172.14641,176.04282,1.00000,184.93272,292.92413,1.00000,108.29618,1.00000,194.04606,140.42837,280.58295,200.13230,1.00000,182.49014,130.77200
163.97615,1.00000,1.00000,225.59789,216.66792,240.31848,120.40971,1.00000,231.53624,389.49495,1.00000,112.41082,1.00000,177.78603,167.76596,201.71360,194.20723,1.00000,229.75178,109.93637
101.74740,1.00000,1.00000,267.10302,288.16596,232.70533,140.77297,1.00000,187.44370,284.12637,1.00000,79.76750,1.00000,358.09529,96.13084,206.24958,157.47425,1.00000,188.59309,152.17663
152.95741,1.00000,1.00000,322.28965,198.88592,210.93490,146.71621,1.00000,200.31809,125.69115,1.00000,78.03494,1.00000,208.13090,134.93018,245.74039,136.60200,1.00000,291.06289,119.28801
184.28852,1.00000,1.00000,375.45120,273.71377,265.58147,158.90521,1.00000,267.92341,210.50539,1.00000,122.30424,1.00000,265.09323,145.51945,314.35913,247.48927,1.00000,264.29873,77.19088
180.50680,1.00000,1.00000,258.19006,312.85568,324.35371,109.33116,1.00000,151.80693,338.51949,1.00000,118.42844,1.00000,267.09338,165.38760,210.47784,197.80898,1.00000,162.62858,146.28274
188.38921,1.00000,1.00000,295.50690,291.96537,212.04932,166.92262,1.00000,250.22993,319.67333,1.00000,135.66012,1.00000,147.31810,99.56789,226.28221,154.57007,1.00000,310.68201,95.29747
118.77691,1.00000,1.00000,433.60366,145.87353,231.99707,105.67116,1.00000,270.47119,263.29081,1.00000,83.08582,1.00000,247.59496,128.77541,263.80191,225.97374,1.00000,257.54028,76.85328
120.12368,1.00000,1.00000,228.41394,283.20713,275.10449,149.72552,1.00000,335.64993,400.10293,1.00000,93.13170,1.00000,311.57164,112.46452,162.79539,278.75220,1.00000,148.91446,70.13711
172.09670,1.00000,1.00000,294.45897,277.71631,169.15405,148.45117,1.00000,194.81662,348.13868,1.00000,82.62957,1.00000,259.26304,81.35600,124.12335,150.09147,1.00000,300.60596,113.17765
68.54501,1.00000,1.00000,149.86539,421.10038,211.22723,99.39404,1.00000,192.47481,292.39023,1.00000,67.06454,1.00000,321.42507,111.02295,183.37900,226.63864,1.00000,195.47209,118.07841
158.74176,1.00000,1.00000,300.83618,290.99479,283.33942,90.65817,1.00000,258.32585,330.92085,1.00000,135.57829,1.00000,189.47578,102.02238,204.05819,215.88451,1.00000,267.72633,107.85911
165.30694,1.00000,1.00000,347.49578,311.38498,361.85277,115.71436,1.00000,191.67542,426.99491,1.00000,126.99523,1.00000,141.92651,173.93974,192.76880,232.88837,1.00000,248.99388,128.94402
172.57496,1.00000,1.00000,305.65327,184.18626,218.15812,180.68025,1.00000,144.02171,371.58896,1.00000,173.92994,1.00000,293.00570,118.05592,201.11211,154.78474,1.00000,175.12309,111.70903
173.42023,1.00000,1.00000,230.12253,319.87102,426.78369,177.11850,1.00000,172.70004,328.31838,1.00000,144.62766,1.00000,250.27190,115.64193,236.56377,299.60351,1.00000,383.55122,77.52675
81.09754,1.00000,1.00000,372.13080,212.20947,283.74585,113.36728,1.00000,186.33312,291.01181,1.00000,148.19280,1.00000,417.45127,80.10564,191.56208,225.42645,1.00000,206.15611,68.79106
174.10274,1.00000,1.00000,285.80570,306.76429,209.72007,91.18751,1.00000,171.21254,325.45335,1.00000,105.65551,1.00000,269.20322,102.67903,215.38902,115.49181,1.00000,262.04229,141.81434
120.88477,1.00000,1.00000,351.54939,162.21984,131.36206,151.41354,1.00000,257.90950,307.00545,1.00000,90.20338,1.00000,304.11930,109.16312,197.30832,290.52597,1.00000,136.08236,105.50263
135.13183,1.00000,1.00000,299.79132,229.73873,274.76196,121.22373,1.00000,206.55161,296.02367,1.00000,63.18843,1.00000,374.41491,68.45630,168.68675,208.12469,1.00000,302.73278,75.13719
141.96225,1.00000,1.00000,382.75138,205.58592,180.79679,58.34342,1.00000,214.34417,233.90772,1.00000,173.07735,1.00000,295.81138,112.92117,140.57630,367.00640,1.00000,205.49426,131.42082
207.97799,1.00000,1.00000,215.10411,293.95988,147.10971,143.47206,1.00000,197.30222,278.42206,1.00000,86.49004,1.00000,136.21554,120.83127,270.92736,208.94832,1.00000,333.26246,123.49498
157.26207,1.00000,1.00000,270.17146,240.31974,344.40151,190.64274,1.00000,274.96273,259.63683,1.00000,104.06935,1.00000,109.08527,116.63046,214.41027,199.31850,1.00000,222.72073,104.64070
140.23249,1.00000,1.00000,197.95673,302.36611,242.01570,135.94351,1.00000,101.79867,242.34797,1.00000,86.65725,1.00000,120.57870,112.69598,173.46368,149.66520,1.00000,267.02503,103.64173
145.47745,1.00000,1.00000,125.56129,296.01514,198.60238,105.27905,1.00000,166.14388,334.93882,1.00000,118.69631,1.00000,260.28217,65.41113,255.15866,190.51465,1.00000,195.35870,125.99597
190.87409,1.00000,1.00000,417.83488,276.19938,241.57093,144.12062,1.00000,171.73583,421.10458,1.00000,134.78421,1.00000,180.76506,101.76971,149.02879,223.77890,1.00000,304.30964,81.81592
157.78297,1.00000,1.00000,348.81349,194.53080,365.66661,167.05575,1.00000,195.66414,403.51191,1.00000,165.85084,1.00000,248.70951,154.19873,238.62998,182.42083,1.00000,232.09005,137.66681
131.16338,1.00000,1.00000,272.34912,362.23192,240.40294,179.72869,1.00000,190.39660,219.20256,1.00000,83.14029,1.00000,355.25909,117.46483,247.64947,134.46525,1.00000,362.98085,112.64486
144.23378,1.00000,1.00000,228.05505,235.08193,358.13008,160.26251,1.00000,206.06291,285.74736,1.00000,148.47472,1.00000,342.61778,140.72272,215.42290,286.42595,1.00000,255.28445,119.94100
181.55024,1.00000,1.00000,290.32143,271.21374,125.42706,144.95440,1.00000,148.04666,241.23607,1.00000,126.55848,1.00000,231.95084,106.42037,91.85087,168.77165,1.00000,164.57675,103.31338
193.95388,1.00000,1.00000,249.87223,300.24431,382.26563,141.35058,1.00000,281.12531,241.17532,1.00000,179.02325,1.00000,319.92317,155.79039,243.90826,216.76919,1.00000,239.36182,143.35544
150.63026,1.00000,1.00000,199.11980,249.86516,177.07704,152.62214,1.00000,204.96094,202.33001,1.00000,136.83310,1.00000,236.94675,135.93037,243.33215,183.21309,1.00000,354.86238,145.37771
136.51637,1.00000,1.00000,275.48976,299.47830,323.87573,127.69486,1.00000,209.85967,262.04557,1.00000,107.65637,1.00000,225.63808,74.54777,192.88201,229.09677,1.00000,240.83657,133.01250
165.90192,1.00000,1.00000,316.85766,327.64984,295.92799,115.06543,1.00000,238.79414,403.01950,1.00000,143.59438,1.00000,345.55888,92.52676,181.85305,274.62755,1.00000,258.83330,140.77939
83.07035,1.00000,1.00000,292.60450,209.60486,300.76927,183.26197,1.00000,212.30193,232.37443,1.00000,122.21234,1.00000,296.81206,99.89534,223.17621,255.75645,1.00000,283.50920,78.94210
121.16511,1.00000,1.00000,331.67827,352.77685,302.87703,57.37819,1.00000,238.92791,270.32311,1.00000,105.11174,1.00000,224.07130,45.77344,229.77260,215.71519,1.00000,135.60231,78.93704
80.87647,1.00000,1.00000,244.76093,249.04196,211.70240,209.58300,1.00000,226.76651,156.47555,1.00000,131.54894,1.00000,263.02732,130.95743,213.39534,209.18670,1.00000,337.80627,44.47193
147.71057,1.00000,1.00000,338.69686,281.42728,216.55146,117.66355,1.00000,167.81202,252.49614,1.00000,127.53764,1.00000,324.42823,119.64800,235.15144,203.45933,1.00000,251.90570,149.70174
145.69650,1.00000,1.00000,269.30026,175.40958,405.98693,66.26554,1.00000,271.01795,335.47803,1.00000,81.79684,1.00000,267.32317,105.08328,151.09928,197.11651,1.00000,198.85004,108.69220
57.39013,1.00000,1.00000,317.28694,266.62981,218.37067,183.03073,1.00000,203.81093,334.24452,1.00000,170.18623,1.00000,250.88008,78.24277,201.72178,152.97297,1.00000,225.60609,112.54327
154.04979,1.00000,1.00000,252.36062,230.53406,207.10499,131.81897,1.00000,246.80376,363.89412,1.00000,122.08339,1.00000,177.17293,77.34341,242.67733,254.91330,1.00000,181.39354,108.92500
153.78569,1.00000,1.00000,351.11878,267.69596,334.71586,150.16640,1.00000,233.78159,331.00565,1.00000,113.41951,1.00000,332.42407,78.33872,164.10295,264.78202,1.00000,80.74608,136.16306
146.38752,1.00000,1.00000,399.16264,198.04907,218.57973,162.22010,1.00000,178.89433,247.93197,1.00000,114.24408,1.00000,199.73541,72.33240,177.95533,186.35029,1.00000,234.39728,123.57626
141.54288,1.00000,1.00000,211.78650,262.57658,238.97081,149.13722,1.00000,170.77516,245.98097,1.00000,177.07260,1.00000,323.24614,126.77974,257.37850,171.01119,1.00000,296.94227,99.98325
225.33118,1.00000,1.00000,343.66741,105.48300,252.67507,142.12394,1.00000,232.23820,468.09495,1.00000,73.65193,1.00000,115.83573,130.86347,171.18753,192.62931,1.00000,273.52534,67.65595
238.47965,1.00000,1.00000,260.08218,401.37510,311.17785,117.03932,1.00000,230.95614,346.74354,1.00000,83.55687,1.00000,296.30280,76.87266,210.77258,258.67470,1.00000,258.48015,118.88103
173.52079,1.00000,1.00000,229.63504,246.91237,254.35560,120.10290,1.00000,209.53194,303.20575,1.00000,115.96989,1.00000,163.06391,132.01143,225.04081,287.16528,1.00000,329.55177,108.99529
135.31589,1.00000,1.00000,208.71735,178.70368,221.24650,150.97904,1.00000,165.96046,265.62830,1.00000,138.42126,1.00000,311.84150,73.35596,251.39111,201.51135,1.00000,119.73234,102.87843
125.48833,1.00000,1.00000,316.60323,202.73420,159.26498,253.40585,1.00000,190.82579,428.82240,1.00000,100.93703,1.00000,359.48000,110.22668,256.84106,217.69953,1.00000,210.21997,69.28258
112.33239,1.00000,1.00000,175.97463,260.88807,294.94947,146.62218,1.00000,168.61796,288.50306,1.00000,111.17643,1.00000,224.72707,113.93464,171.94235,190.46139,1.00000,233.18041,80.29422
138.41697,1.00000,1.00000,341.93781,189.17004,392.39210,107.19895,1.00000,173.13193,194.36725,1.00000,161.33388,1.00000,203.49462,135.79174,219.22014,190.42967,1.00000,189.69694,114.79387
126.60551,1.00000,1.00000,421.09848,242.04954,217.14767,82.72411,1.00000,240.97847,369.68601,1.00000,116.78827,1.00000,321.47315,105.54907,166.22932,140.65779,1.00000,284.83880,86.43132
166.79577,1.00000,1.00000,167.97708,366.61243,299.77671,166.53110,1.00000,119.56075,304.00141,1.00000,83.26380,1.00000,283.00462,70.45422,200.34319,234.56620,1.00000,262.34271,119.51279
145.16600,1.00000,1.00000,146.87785,282.01186,313.79990,116.65052,1.00000,231.65231,295.60286,1.00000,57.26472,1.00000,288.11234,70.40720,286.83279,219.57686,1.00000,346.21705,123.98581
150.85516,1.00000,1.00000,184.62183,206.32510,261.84856,197.26496,1.00000,233.78237,302.22452,1.00000,150.06563,1.00000,289.97281,133.71774,214.23574,151.92996,1.00000,216.87700,129.48821
137.81890,1.00000,1.00000,257.84882,295.23452,184.36347,112.58038,1.00000,233.89893,346.14034,1.00000,102.01998,1.00000,235.14834,128.09248,184.85448,250.74115,1.00000,151.83996,135.21438
147.71545,1.00000,1.00000,220.59763,192.60744,238.10425,151.19413,1.00000,159.97563,322.77507,1.00000,81.95584,1.00000,331.10412,132.13436,273.06208,202.97248,1.00000,176.93459,138.11789
125.03777,1.00000,1.00000,182.53908,219.38967,115.75943,176.40895,1.00000,274.36886,259.92635,1.00000,132.91896,1.00000,214.85224,135.93864,217.26483,256.21092,1.00000,303.96387,68.35783
96.92974,1.00000,1.00000,245.79541,160.36433,336.74640,95.63363,1.00000,143.20983,321.22575,1.00000,89.79511,1.00000,394.00157,115.26738,298.27921,228.59015,1.00000,239.33188,111.58679
163.92269,1.00000,1.00000,285.98909,369.38901,381.04952,115.39471,1.00000,127.49642,246.66835,1.00000,118.29916,1.00000,362.49823,135.43537,229.37513,156.37617,1.00000,214.05370,83.81981
195.24885,1.00000,1.00000,316.75372,331.02945,336.94282,173.30934,1.00000,151.67833,125.45463,1.00000,90.21518,1.00000,371.20626,135.78985,208.05342,174.83479,1.00000,229.40335,107.25053
135.88060,1.00000,1.00000,240.49427,207.98376,304.95299,145.80376,1.00000,270.21876,170.13635,1.00000,124.96654,1.00000,279.86899,124.02299,279.14682,259.49668,1.00000,288.52092,71.11415
119.78038,1.00000,1.00000,316.91988,238.16322,178.29845,164.05338,1.00000,208.87872,273.00594,1.00000,90.33325,1.00000,276.61308,85.88927,329.45977,225.56156,1.00000,241.90763,152.61843
227.05359,1.00000,1.00000,297.29419,228.61965,292.42257,126.02616,1.00000,183.45629,185.33043,1.00000,114.05680,1.00000,305.70825,146.70862,159.32747,229.01235,1.00000,239.73198,142.25527
182.90657,1.00000,1.00000,237.24944,250.52171,251.75924,153.38413,1.00000,209.27236,209.31463,1.00000,61.88965,1.00000,199.99675,145.32618,215.86421,200.08831,1.00000,162.56627,88.33948
147.32175,1.00000,1.00000,226.31485,150.54132,306.28705,115.65950,1.00000,197.72156,241.05665,1.00000,84.59112,1.00000,298.02075,119.53524,220.11536,174.13080,1.00000,196.94196,87.57564
140.27342,1.00000,1.00000,316.30341,281.71586,229.15329,147.18358,1.00000,200.44938,262.76467,1.00000,112.64959,1.00000,349.77929,143.45905,205.96562,221.32603,1.00000,277.88013,133.04681
134.03666,1.00000,1.00000,145.21629,332.08390,365.99686,116.39828,1.00000,251.84391,386.75028,1.00000,68.01540,1.00000,183.10448,115.64096,234.75909,115.09065,1.00000,243.52251,67.32060
121.75018,1.00000,1.00000,272.27874,214.92260,300.63245,143.93240,1.00000,297.36368,307.03938,1.00000,137.37104,1.00000,295.23150,122.40744,227.59392,175.10427,1.00000,234.38458,164.36109
112.50689,1.00000,1.00000,286.30259,290.89112,349.72334,110.11421,1.00000,236.80458,318.80890,1.00000,91.97089,1.00000,285.14583,90.50072,185.64293,150.28633,1.00000,243.61585,96.78053
133.80414,1.00000,1.00000,314.21934,264.76181,260.36389,101.93240,1.00000,151.22014,136.23543,1.00000,114.30804,1.00000,286.21360,96.56783,145.34081,193.02412,1.00000,301.70974,99.95227
154.33277,1.00000,1.00000,208.18022,217.04093,267.29353,110.67240,1.00000,190.89335,332.85747,1.00000,59.47467,1.00000,333.75295,110.19616,155.77644,300.19848,1.00000,265.56504,111.91737
132.84064,1.00000,1.00000,431.36013,300.45709,261.89439,172.61147,1.00000,142.06641,247.11614,1.00000,124.23414,1.00000,242.27459,88.33909,248.49113,270.07770,1.00000,297.45077,133.03846
194.99815,1.00000,1.00000,201.67125,141.63542,322.59336,151.11512,1.00000,151.56863,319.09256,1.00000,121.37213,1.00000,253.94390,136.61109,258.60740,212.07924,1.00000,230.31917,51.60340
103.79404,1.00000,1.00000,379.69165,174.50090,282.28884,119.27888,1.00000,174.82008,314.92227,1.00000,99.58122,1.00000,161.68663,132.87207,239.60951,257.36288,1.00000,234.02789,115.07340
128.63768,1.00000,1.00000,267.38017,343.85626,249.08065,137.61376,1.00000,151.69261,381.52555,1.00000,74.79184,1.00000,208.34008,105.06815,220.51609,171.04613,1.00000,289.76765,106.74606
167.55728,1.00000,1.00000,222.25890,311.04536,243.28202,164.16230,1.00000,130.42233,299.45649,1.00000,60.35796,1.00000,344.76680,110.05461,221.52358,131.69926,1.00000,391.55934,113.01436
214.17611,1.00000,1.00000,249.41458,266.11935,390.21753,154.78329,1.00000,254.58620,314.33831,1.00000,95.33486,1.00000,114.66099,95.71126,171.20418,307.37734,1.00000,281.06580,139.40919
177.57192,1.00000,1.00000,304.81056,283.06584,177.90478,226.80119,1.00000,166.76981,402.98361,1.00000,101.34186,1.00000,259.41489,102.96371,273.57475,229.85779,1.00000,140.08629,99.08052
127.88040,1.00000,1.00000,207.77814,257.30198,267.68098,139.02821,1.00000,167.16299,270.58493,1.00000,120.42834,1.00000,236.25791,79.80754,219.98700,187.01131,1.00000,192.66448,95.39009
138.12975,1.00000,1.00000,123.78451,312.27963,274.97199,148.31798,1.00000,157.79572,263.67494,1.00000,104.01351,1.00000,355.06579,77.17154,249.37710,311.73807,1.00000,309.84864,127.25716
167.96108,1.00000,1.00000,325.07630,167.19645,215.25625,154.16537,1.00000,237.26600,240.57205,1.00000,124.86598,1.00000,236.26887,118.69372,256.36921,303.83608,1.00000,268.76670,121.36833
118.94861,1.00000,1.00000,318.35765,200.20663,180.23710,113.01027,1.00000,191.23774,395.67260,1.00000,135.19234,1.00000,204.65740,116.34815,244.45764,248.59737,1.00000,264.49037,73.17061
209.86562,1.00000,1.00000,271.28433,331.55792,267.58657,184.11723,1.00000,252.89541,280.71706,1.00000,137.18221,1.00000,213.31552,133.29115,193.62280,169.30972,1.00000,302.40999,114.67689
161.51291,1.00000,1.00000,265.53267,260.16256,129.51497,167.04123,1.00000,157.47477,330.43739,1.00000,169.99381,1.00000,310.88067,128.99598,228.98672,374.19313,1.00000,312.37509,145.55928
146.97846,1.00000,1.00000,363.43341,208.96475,293.21893,137.01703,1.00000,230.23404,236.01939,1.00000,37.21243,1.00000,316.24083,147.27105,203.91479,216.60116,1.00000,384.87522,84.98330
149.67558,1.00000,1.00000,305.57787,273.46802,307.36044,102.28378,1.00000,147.13437,331.20010,1.00000,75.33225,1.00000,294.48071,77.33132,238.33394,323.06065,1.00000,347.44109,94.02877
169.22255,1.00000,1.00000,219.81214,211.03193,152.29283,197.55018,1.00000,194.92917,336.74914,1.00000,127.07708,1.00000,307.67557,97.00862,187.38482,137.09461,1.00000,262.66565,138.24944
126.44035,1.00000,1.00000,280.43447,305.64716,294.94832,157.99526,1.00000,133.82984,224.49229,1.00000,146.10400,1.00000,228.14643,133.26328,187.83483,113.45592,1.00000,255.35476,110.69289
185.21979,1.00000,1.00000,291.14554,147.88299,282.74066,54.63420,1.00000,195.00963,373.69028,1.00000,112.64741,1.00000,243.80957,131.44920,266.51037,268.87743,1.00000,279.26489,106.27044
118.48375,1.00000,1.00000,329.80878,344.31166,213.34273,167.27224,1.00000,84.63835,306.58054,1.00000,87.69303,1.00000,301.29105,169.74441,264.31395,209.79905,1.00000,197.89668,100.54143
213.24993,1.00000,1.00000,345.74092,175.90464,201.93088,155.62473,1.00000,210.12445,284.77949,1.00000,156.75386,1.00000,281.39116,133.37496,53.20147,301.81106,1.00000,260.00612,97.49690
194.12347,1.00000,1.00000,271.76950,258.35182,198.75047,134.19306,1.00000,270.75246,250.86883,1.00000,153.52018,1.00000,231.57717,138.69996,211.65653,100.62125,1.00000,185.78576,160.69485
124.33062,1.00000,1.00000,193.81756,271.94475,238.02711,151.67506,1.00000,232.50251,171.56887,1.00000,102.92747,1.00000,353.21717,116.54254,179.13048,231.89505,1.00000,355.23915,123.46479
62.09461,1.00000,1.00000,149.15301,285.65798,191.19119,146.42672,1.00000,212.13980,262.67837,1.00000,120.78722,1.00000,186.47319,125.59180,249.56203,313.54183,1.00000,175.53313,91.18498
107.40099,1.00000,1.00000,179.70028,325.56479,303.03720,174.19533,1.00000,276.09578,190.41935,1.00000,94.20072,1.00000,255.56998,149.27939,271.69451,140.36546,1.00000,344.53515,124.75872
125.10447,1.00000,1.00000,296.31392,373.90152,379.84764,131.67998,1.00000,249.95446,125.91647,1.00000,101.91451,1.00000,160.83301,130.00706,243.44741,143.89905,1.00000,293.26699,78.62036
158.87823,1.00000,1.00000,228.71691,214.96935,371.91072,177.11291,1.00000,216.20989,213.96031,1.00000,116.68550,1.00000,248.10543,112.12047,112.59936,228.72082,1.00000,317.15363,123.79302
200.74056,1.00000,1.00000,311.67022,203.21325,265.82220,131.55127,1.00000,161.38703,315.69494,1.00000,83.81454,1.00000,320.48293,112.40238,191.05566,176.36310,1.00000,345.95099,131.96185
101.46783,1.00000,1.00000,395.28151,164.96936,310.94207,248.42647,1.00000,162.49539,288.43264,1.00000,112.42879,1.00000,237.34359,110.03392,202.70987,217.53166,1.00000,322.23759,90.95192
153.79006,1.00000,1.00000,368.59672,360.62500,235.93702,193.88721,1.00000,211.39547,272.16439,1.00000,87.26077,1.00000,198.52873,103.25949,165.15120,260.89708,1.00000,264.33888,102.10378
164.33264,1.00000,1.00000,176.40189,181.69381,131.59861,133.71345,1.00000,242.46298,380.45379,1.00000,107.75779,1.00000,282.22346,125.02453,130.38399,205.75987,1.00000,260.37596,107.43325
125.04171,1.00000,1.00000,338.31191,281.21074,237.02074,182.79943,1.00000,214.70249,199.77740,1.00000,83.82839,1.00000,236.14168,109.03437,179.71297,225.34903,1.00000,287.00372,102.63537
195.53582,1.00000,1.00000,169.11543,227.36394,227.06311,121.11792,1.00000,193.39445,197.17612,1.00000,148.11735,1.00000,176.96045,147.01137,247.96780,241.70923,1.00000,252.04174,91.07292
143.36698,1.00000,1.00000,298.44794,298.56914,398.30091,216.18253,1.00000,280.84636,264.89409,1.00000,118.89326,1.00000,297.62005,172.19201,132.20527,161.51132,1.00000,160.78329,134.89459
95.83428,1.00000,1.00000,215.68972,279.10778,202.91406,168.18150,1.00000,294.38760,334.07231,1.00000,106.39207,1.00000,234.92536,127.62028,205.01273,210.63550,1.00000,292.73735,95.10196
216.98138,1.00000,1.00000,168.92438,188.77335,238.87871,146.95661,1.00000,156.19822,314.41793,1.00000,122.08721,1.00000,320.51618,131.75881,242.49633,239.36859,1.00000,152.17868,107.38785
168.79425,1.00000,1.00000,339.62665,380.20465,373.63676,124.71343,1.00000,176.62435,267.58208,1.00000,124.52136,1.00000,469.52214,121.69081,290.21049,153.26223,1.00000,273.22466,154.41450
127.49409,1.00000,1.00000,325.58244,165.88304,342.87600,127.45651,1.00000,196.92689,371.31521,1.00000,89.00268,1.00000,251.70741,133.92046,208.70131,169.70831,1.00000,351.91241,102.65623
200.09958,1.00000,1.00000,311.09276,261.61791,324.77554,96.39537,1.00000,205.52416,251.02128,1.00000,100.58202,1.00000,227.36558,150.71941,233.68165,313.18482,1.00000,262.40143,96.22025
151.98430,1.00000,1.00000,345.09778,204.34127,342.61409,137.73972,1.00000,205.04335,309.66286,1.00000,86.44594,1.00000,140.08924,132.14812,206.62271,190.87337,1.00000,246.62370,116.90708
139.03048,1.00000,1.00000,189.76942,253.86109,379.35673,118.50078,1.00000,80.82118,399.94928,1.00000,134.70739,1.00000,262.34574,125.56884,200.49478,173.16304,1.00000,231.77950,153.56366
124.24654,1.00000,1.00000,181.71573,262.86064,343.04178,163.42344,1.00000,234.40251,381.79235,1.00000,90.27190,1.00000,254.06910,120.51748,251.20861,202.48611,1.00000,191.87432,125.96987
108.61371,1.00000,1.00000,218.91063,264.20306,242.96466,176.13570,1.00000,176.04708,216.30294,1.00000,98.97555,1.00000,290.35780,148.79221,244.27567,285.47314,1.00000,293.76551,102.13733
211.56108,1.00000,1.00000,251.79029,207.78186,320.12734,175.74352,1.00000,182.26605,259.05665,1.00000,147.06135,1.00000,213.45649,134.39145,165.66982,199.86357,1.00000,295.95579,117.81932
129.37039,1.00000,1.00000,247.51615,351.22596,193.10299,181.10601,1.00000,261.60319,379.12184,1.00000,110.44788,1.00000,193.08973,152.60327,259.98056,260.40079,1.00000,306.99816,122.51208
216.11352,1.00000,1.00000,291.64270,241.39203,210.68932,147.73600,1.00000,163.19354,222.41010,1.00000,95.90925,1.00000,323.12692,99.86199,198.41751,158.62971,1.00000,363.00890,160.62343
123.13222,1.00000,1.00000,280.92100,234.80375,209.03741,162.74805,1.00000,182.02237,352.63584,1.00000,84.88570,1.00000,206.21327,98.30983,214.69065,244.95987,1.00000,261.48405,97.07306
139.52410,1.00000,1.00000,233.02025,214.76368,342.79570,118.51937,1.00000,176.49917,185.63149,1.00000,128.01427,1.00000,246.68146,62.14247,231.11616,82.33581,1.00000,230.72736,143.32424
145.45815,1.00000,1.00000,272.37098,161.19059,301.05827,150.93101,1.00000,119.82196,188.70714,1.00000,94.74324,1.00000,184.11442,133.20929,171.26734,223.01547,1.00000,160.37473,86.98048
214.75411,1.00000,1.00000,300.39777,257.40600,369.92492,113.46361,1.00000,271.71065,296.37709,1.00000,175.57722,1.00000,310.41719,127.92302,223.06452,212.99026,1.00000,221.65052,69.26242
160.01488,1.00000,1.00000,192.11889,208.70628,275.99198,108.68633,1.00000,180.63682,368.57355,1.00000,152.68165,1.00000,254.36957,136.29950,231.40155,193.82389,1.00000,271.99487,95.07116
139.33631,1.00000,1.00000,275.24214,275.72931,277.26531,158.92669,1.00000,151.43463,333.63688,1.00000,91.32723,1.00000,201.43074,117.85073,267.05163,184.18202,1.00000,201.07281,107.21149
148.99188,1.00000,1.00000,249.34375,322.51883,331.83405,207.77121,1.00000,126.77908,286.45326,1.00000,103.90969,1.00000,205.85521,136.90283,108.95604,228.02026,1.00000,81.91983,109.70478
140.30652,1.00000,1.00000,292.70984,254.61107,288.21463,154.81812,1.00000,226.52284,340.95051,1.00000,110.31931,1.00000,324.18445,96.64430,268.42264,135.33494,1.00000,165.25905,132.13795
185.24742,1.00000,1.00000,266.37224,259.89838,284.86907,162.32148,1.00000,264.55608,237.21052,1.00000,92.87572,1.00000,216.95315,90.66600,170.35929,216.64552,1.00000,338.42869,90.73647
150.43220,1.00000,1.00000,225.51208,304.05666,205.33565,127.74191,1.00000,245.59663,303.70951,1.00000,69.06226,1.00000,262.68368,106.06589,164.69387,109.34442,1.00000,344.64462,76.11791
165.06970,1.00000,1.00000,283.01815,198.22559,225.37009,146.44161,1.00000,226.08169,333.17115,1.00000,131.39187,1.00000,269.23626,114.75132,150.65589,291.90844,1.00000,195.50054,128.92316
105.54163,1.00000,1.00000,124.52759,334.86149,245.77977,124.27278,1.00000,177.45273,304.82258,1.00000,137.16290,1.00000,269.10297,103.67634,204.30455,166.98207,1.00000,292.76964,133.54648
134.85951,1.00000,1.00000,251.85071,287.10980,293.52397,171.05345,1.00000,209.10085,217.33092,1.00000,148.91196,1.00000,282.79625,136.29105,279.37947,168.48029,1.00000,168.71653,121.92781
112.78164,1.00000,1.00000,359.29902,162.80891,260.19613,214.69364,1.00000,261.68363,245.51870,1.00000,103.60330,1.00000,208.19953,135.56796,148.36848,317.04553,1.00000,283.02846,101.12238
63.68298,1.00000,1.00000,297.47822,133.64980,371.63275,114.29259,1.00000,143.70131,337.01389,1.00000,86.27016,1.00000,331.92007,154.73749,129.75748,255.84193,1.00000,269.12463,135.45485
132.09962,1.00000,1.00000,240.06886,189.13665,190.53510,110.01152,1.00000,245.62712,371.92027,1.00000,83.01075,1.00000,298.02744,108.14689,260.26136,215.63418,1.00000,108.68319,148.58110
76.25303,1.00000,1.00000,290.39507,170.60675,181.39838,79.32646,1.00000,198.09585,267.67351,1.00000,141.16419,1.00000,376.06599,105.65429,138.52848,216.08656,1.00000,251.95032,96.71706
98.76199,1.00000,1.00000,250.19750,312.06993,261.72102,122.18452,1.00000,172.95675,200.59164,1.00000,153.38224,1.00000,329.06991,135.16319,158.84688,282.36252,1.00000,226.82600,133.71344
154.29878,1.00000,1.00000,273.66955,364.34497,305.67951,43.48339,1.00000,245.74613,181.25260,1.00000,136.82178,1.00000,193.92522,153.21035,135.09352,241.92677,1.00000,250.74205,109.24001
132.85387,1.00000,1.00000,291.68890,218.53027,260.50949,95.02918,1.00000,185.20682,305.29636,1.00000,146.22062,1.00000,244.05987,102.37633,185.65196,284.15158,1.00000,286.61381,120.83678
121.52223,1.00000,1.00000,213.66931,190.12297,313.24675,100.61030,1.00000,182.87542,224.87539,1.00000,112.23054,1.00000,201.25299,113.33354,111.36249,167.95963,1.00000,271.25163,111.88055
167.28699,1.00000,1.00000,272.28896,373.08573,318.74011,105.80059,1.00000,181.59425,274.25529,1.00000,90.25723,1.00000,277.50795,106.83462,78.99788,129.02371,1.00000,107.81483,101.67970
139.49133,1.00000,1.00000,342.20540,361.09595,117.65618,148.44136,1.00000,194.12565,265.76442,1.00000,103.07294,1.00000,228.67001,101.22265,255.59024,233.45349,1.00000,246.11313,105.90197
127.56389,1.00000,1.00000,226.93490,247.17088,339.54872,63.63775,1.00000,224.50890,380.27464,1.00000,111.87625,1.00000,252.86542,165.01793,299.94783,235.29902,1.00000,227.63753,114.36549
195.66128,1.00000,1.00000,424.61836,293.32468,271.63684,146.45881,1.00000,158.20055,266.84471,1.00000,86.91576,1.00000,220.51398,133.00893,152.99590,116.19270,1.00000,236.31904,121.89216
116.19057,1.00000,1.00000,292.92348,195.21944,215.36222,153.96602,1.00000,303.12041,405.08536,1.00000,104.28488,1.00000,301.71622,112.43822,187.67503,192.31187,1.00000,311.74448,125.96446
131.05229,1.00000,1.00000,279.95490,271.74880,312.83184,171.05795,1.00000,186.13121,221.32295,1.00000,142.93479,1.00000,236.64326,122.27633,156.81383,303.44815,1.00000,301.72079,112.69094
70.29234,1.00000,1.00000,340.74748,275.66494,233.90930,94.67118,1.00000,205.60849,317.49715,1.00000,166.41192,1.00000,267.71501,54.42789,165.10305,317.11320,1.00000,354.85406,79.63192
166.44260,1.00000,1.00000,410.34064,339.64581,248.56453,125.09471,1.00000,215.72498,204.39957,1.00000,106.14781,1.00000,184.08788,124.97955,160.07541,207.80910,1.00000,255.40087,123.28965
119.94861,1.00000,1.00000,309.86796,349.09915,302.77018,155.25470,1.00000,190.53420,253.06658,1.00000,132.29044,1.00000,346.06459,115.32361,144.84308,118.68459,1.00000,308.40644,144.06378
124.16881,1.00000,1.00000,295.85998,220.62020,284.59437,148.90997,1.00000,179.11092,198.82350,1.00000,107.38801,1.00000,233.75440,109.83612,166.48733,141.41285,1.00000,263.74798,63.78389
215.82383,1.00000,1.00000,253.01583,138.59794,246.19970,239.99421,1.00000,216.16560,353.48944,1.00000,163.18017,1.00000,351.71789,106.89160,212.98873,258.80657,1.00000,171.65485,96.68414
115.76707,1.00000,1.00000,386.95634,258.06144,180.97187,178.02625,1.00000,158.34705,226.62714,1.00000,96.83570,1.00000,329.11852,98.97660,360.40540,185.44802,1.00000,233.07989,52.16029
197.93928,1.00000,1.00000,240.35599,382.98118,341.53529,108.68527,1.00000,184.97322,291.27058,1.00000,116.15543,1.00000,293.81370,139.74577,148.85560,299.21743,1.00000,198.04686,89.91677
158.32260,1.00000,1.00000,235.83016,222.07011,440.36239,97.83013,1.00000,209.37734,343.41433,1.00000,150.95866,1.00000,274.97433,115.25218,191.37981,170.69295,1.00000,263.33922,133.53795
161.45870,1.00000,1.00000,204.10458,310.66422,319.23981,159.26315,1.00000,236.06520,299.13920,1.00000,80.07766,1.00000,219.64903,153.70658,301.96556,198.18891,1.00000,244.24845,53.06526
122.06378,1.00000,1.00000,230.76821,299.56668,408.43115,176.46139,1.00000,327.01928,442.86665,1.00000,46.72356,1.00000,180.84432,95.84844,228.69023,231.09286,1.00000,243.60249,115.68277
137.03880,1.00000,1.00000,178.33143,224.58006,203.89795,131.96507,1.00000,261.94617,274.98726,1.00000,115.47453,1.00000,305.60048,115.01399,230.63845,202.77065,1.00000,241.49724,69.24714
149.26480,1.00000,1.00000,190.16725,225.71706,174.98063,150.43286,1.00000,207.72152,163.60352,1.00000,85.06818,1.00000,231.71999,137.23834,221.85609,206.10460,1.00000,372.75622,107.41887
139.35157,1.00000,1.00000,294.76713,164.98079,267.84073,140.65221,1.00000,292.22381,165.11840,1.00000,156.55368,1.00000,208.61109,126.70179,177.39780,203.12263,1.00000,184.48247,72.41084
115.47829,1.00000,1.00000,300.30937,370.10717,236.75494,197.65755,1.00000,211.85466,233.17863,1.00000,103.37887,1.00000,409.43495,157.44753,195.01970,252.37803,1.00000,226.68757,62.00593
157.34487,1.00000,1.00000,251.34830,242.83288,211.07305,157.38514,1.00000,157.06276,348.67180,1.00000,88.02094,1.00000,233.37009,127.75671,208.10825,150.94146,1.00000,316.37308,112.06701
187.74208,1.00000,1.00000,286.26968,296.95683,306.37475,176.17524,1.00000,256.09699,227.78900,1.00000,90.38876,1.00000,248.20562,135.77285,176.92921,229.71918,1.00000,202.94378,124.29236
109.84223,1.00000,1.00000,369.39909,255.72403,361.74736,187.02197,1.00000,242.47380,224.43066,1.00000,134.78254,1.00000,145.80191,125.26127,212.12147,194.30283,1.00000,306.24101,109.75260
131.59108,1.00000,1.00000,225.03165,200.19803,299.78315,184.56835,1.00000,173.19042,271.80586,1.00000,157.10158,1.00000,302.70155,136.93684,241.96666,286.44159,1.00000,156.82583,75.35334
148.06524,1.00000,1.00000,338.15098,297.01836,258.33027,114.87401,1.00000,176.37501,353.85338,1.00000,110.42612,1.00000,297.24720,132.89816,221.70702,178.99088,1.00000,285.87726,96.48294
146.20024,1.00000,1.00000,349.71375,172.96497,235.94210,145.21476,1.00000,174.38139,293.39789,1.00000,147.58107,1.00000,402.11027,103.34316,182.24279,208.21701,1.00000,302.75459,149.32239
121.74250,1.00000,1.00000,323.54452,300.10524,289.53645,89.09971,1.00000,224.91537,328.19110,1.00000,119.33186,1.00000,127.96279,87.24265,265.33476,215.74548,1.00000,260.79300,85.55708
153.73772,1.00000,1.00000,282.68502,203.15975,215.54564,168.26966,1.00000,200.18822,395.02904,1.00000,102.04094,1.00000,317.50913,164.73703,153.00128,251.59825,1.00000,206.13182,144.98956
198.51733,1.00000,1.00000,413.60095,249.28404,289.36571,130.99429,1.00000,166.76987,242.31275,1.00000,124.45024,1.00000,287.10062,126.03355,147.21104,111.04169,1.00000,295.48972,148.18542
96.24181,1.00000,1.00000,243.98428,300.47357,219.30734,157.12304,1.00000,322.03771,245.63459,1.00000,169.06272,1.00000,228.59532,105.74308,109.28551,296.16869,1.00000,201.72894,90.73158
187.90089,1.00000,1.00000,232.14329,390.10471,251.30348,147.71655,1.00000,205.62117,278.15218,1.00000,63.93752,1.00000,244.25900,83.37681,186.71134,198.95994,1.00000,234.11656,140.98394
168.97559,1.00000,1.00000,197.06916,220.33777,279.32680,100.81041,1.00000,253.82315,304.77944,1.00000,133.87514,1.00000,304.45663,129.42870,255.15183,147.25663,1.00000,240.08588,166.57304
133.47502,1.00000,1.00000,306.88324,138.82640,197.35094,91.46548,1.00000,185.93329,407.79854,1.00000,33.72162,1.00000,284.14812,103.20777,199.70303,276.13586,1.00000,245.46694,98.13622
146.34525,1.00000,1.00000,285.09618,328.94189,282.89966,202.67880,1.00000,173.12229,231.97420,1.00000,150.79000,1.00000,189.79695,159.65619,258.51413,200.94057,1.00000,323.72549,122.06815
181.95952,1.00000,1.00000,164.96600,300.35361,234.05830,106.06340,1.00000,230.78178,219.76459,1.00000,133.40689,1.00000,238.89209,95.69348,241.70005,210.53046,1.00000,278.55514,88.23132
139.91099,1.00000,1.00000,205.75129,315.45338,305.00140,109.77579,1.00000,220.22091,331.45551,1.00000,119.19725,1.00000,241.65086,129.57208,260.38094,265.18477,1.00000,205.34027,149.05721
200.01714,1.00000,1.00000,297.28578,301.47518,220.77405,183.01376,1.00000,162.06201,204.81766,1.00000,122.76051,1.00000,245.69302,151.01162,317.96493,125.90686,1.00000,375.57214,96.96171
112.28121,1.00000,1.00000,238.49861,368.51833,188.39891,98.24404,1.00000,94.88067,284.11500,1.00000,123.81061,1.00000,267.02609,77.05034,212.86156,236.48559,1.00000,262.34618,109.73098
211.71012,1.00000,1.00000,257.79643,177.49626,267.56233,193.02803,1.00000,146.01253,303.53916,1.00000,124.46832,1.00000,407.70866,128.88169,199.97528,217.56000,1.00000,224.23230,68.69012
157.22123,1.00000,1.00000,283.88408,240.35404,274.94005,175.54556,1.00000,148.10535,287.87355,1.00000,100.75592,1.00000,210.69262,168.43241,270.10447,244.48281,1.00000,135.22913,90.56165
145.95601,1.00000,1.00000,148.50590,217.64342,268.27910,189.17901,1.00000,152.96095,245.51624,1.00000,32.46353,1.00000,302.28739,198.13676,133.53626,146.25505,1.00000,112.96423,81.92943
182.48820,1.00000,1.00000,335.01075,295.51437,312.65975,118.97389,1.00000,197.49043,405.93296,1.00000,154.35636,1.00000,268.25991,107.18897,191.47331,224.94563,1.00000,249.62341,129.47943
139.13943,1.00000,1.00000,251.62070,305.51079,283.69990,165.98209,1.00000,134.51646,329.93212,1.00000,95.21179,1.00000,231.54368,96.19383,245.02810,203.35289,1.00000,205.48781,72.26667
148.87319,1.00000,1.00000,405.80253,255.14952,272.24840,114.71393,1.00000,227.16753,301.12324,1.00000,111.98690,1.00000,314.58075,104.50133,322.52283,200.20925,1.00000,303.72092,108.06149
131.40208,1.00000,1.00000,346.30823,242.63883,200.17186,53.35324,1.00000,212.23252,167.33329,1.00000,94.34023,1.00000,182.54741,98.29135,173.45601,240.24500,1.00000,255.19517,98.43549
66.73639,1.00000,1.00000,270.64395,229.95611,231.26275,140.21247,1.00000,249.81666,264.24548,1.00000,93.89719,1.00000,332.36146,109.47429,66.66080,71.54930,1.00000,316.60761,116.01163
167.68124,1.00000,1.00000,328.42605,297.39584,160.81747,164.67123,1.00000,304.67183,310.82015,1.00000,112.42867,1.00000,264.16100,94.71987,168.69050,209.27852,1.00000,249.57553,124.42016
178.06271,1.00000,1.00000,192.06612,277.73806,175.01095,139.25901,1.00000,159.02815,319.03652,1.00000,87.58057,1.00000,199.90192,117.88720,226.19886,254.87395,1.00000,293.54331,139.87147
102.28888,1.00000,1.00000,288.02279,310.93911,318.62987,165.13546,1.00000,201.47107,283.51416,1.00000,55.17705,1.00000,262.57456,101.55004,223.01548,246.09475,1.00000,248.51633,104.54403
151.21840,1.00000,1.00000,364.14313,293.01402,249.99567,117.73765,1.00000,231.06482,209.49152,1.00000,119.98258,1.00000,333.61960,108.43580,219.22482,302.62319,1.00000,196.42142,62.15000
157.71973,1.00000,1.00000,296.32377,268.40569,388.84764,133.77039,1.00000,159.82410,166.13058,1.00000,141.26249,1.00000,340.41259,126.46661,237.56657,198.78276,1.00000,337.54692,72.16116
154.26347,1.00000,1.00000,253.18398,261.35925,349.74583,89.44658,1.00000,157.97155,413.56774,1.00000,135.26657,1.00000,380.40133,169.97568,193.78679,176.80073,1.00000,124.75105,68.23760
84.20583,1.00000,1.00000,239.37093,245.12176,289.40110,140.47963,1.00000,255.06817,283.80423,1.00000,97.77958,1.00000,258.75781,169.40749,154.90563,266.49632,1.00000,316.95623,120.88366
151.15364,1.00000,1.00000,308.84036,356.73944,285.37083,132.94204,1.00000,199.80638,184.91320,1.00000,104.88994,1.00000,266.71385,75.26535,159.87213,149.84531,1.00000,281.67353,120.02880
195.37853,1.00000,1.00000,306.87645,254.12842,407.25190,117.87012,1.00000,299.58105,357.51653,1.00000,117.76705,1.00000,237.49304,133.37191,257.60059,208.42801,1.00000,261.39580,126.32475
110.51018,1.00000,1.00000,227.59940,366.20885,293.96220,140.93837,1.00000,166.31293,262.22810,1.00000,132.13066,1.00000,270.61837,131.40686,203.18477,135.10726,1.00000,298.09802,67.61496
159.71314,1.00000,1.00000,274.39849,234.80912,185.59805,192.73094,1.00000,231.58279,224.47145,1.00000,136.16178,1.00000,272.13866,152.19200,217.09046,156.08360,1.00000,260.22670,135.92105
161.43168,1.00000,1.00000,308.23627,239.86141,183.60095,189.55629,1.00000,256.10810,337.85806,1.00000,126.53649,1.00000,128.58923,86.85922,150.89630,193.25847,1.00000,243.07049,146.85920
176.46673,1.00000,1.00000,407.14651,195.54535,350.17993,137.03111,1.00000,254.87132,339.40098,1.00000,116.31187,1.00000,376.57255,126.07145,241.75914,180.03911,1.00000,199.42418,85.62798
144.72531,1.00000,1.00000,147.84878,344.37708,216.36355,191.13734,1.00000,242.89201,234.84497,1.00000,101.53821,1.00000,279.42948,66.09476,252.39771,271.03448,1.00000,264.54353,157.68078
172.09870,1.00000,1.00000,137.44328,286.57167,303.73804,132.26213,1.00000,162.90709,291.96224,1.00000,116.64164,1.00000,275.51777,115.48571,179.39574,277.13493,1.00000,241.28016,116.60585
195.69582,1.00000,1.00000,203.50264,239.22542,299.23205,104.04864,1.00000,205.15716,450.59959,1.00000,80.67780,1.00000,349.48624,103.26782,262.79411,222.83551,1.00000,309.12289,140.41540
88.30782,1.00000,1.00000,250.93403,241.00927,190.47207,120.94340,1.00000,245.09091,389.84542,1.00000,105.48830,1.00000,220.99438,123.73421,202.45041,271.04488,1.00000,196.39682,76.61665
180.95401,1.00000,1.00000,327.42555,166.25569,262.15769,191.53118,1.00000,182.99522,353.35259,1.00000,180.07908,1.00000,325.99851,150.14381,126.34495,317.21943,1.00000,264.73242,134.98559
119.44655,1.00000,1.00000,210.68990,245.71084,382.90081,140.70542,1.00000,172.27296,365.25975,1.00000,92.71180,1.00000,263.53887,39.42863,170.93031,206.62606,1.00000,264.67316,173.23790
161.28112,1.00000,1.00000,351.03540,126.98127,289.50778,122.88591,1.00000,220.03418,321.77133,1.00000,104.11369,1.00000,431.73384,116.32927,103.37427,216.43637,1.00000,267.68615,113.57301
171.47846,1.00000,1.00000,326.69443,253.59863,408.20185,99.04518,1.00000,170.99862,375.33342,1.00000,127.09313,1.00000,296.34901,130.33960,179.12328,238.47581,1.00000,219.03700,127.02481
147.65355,1.00000,1.00000,320.05041,244.82781,329.00026,127.21943,1.00000,297.85314,411.07196,1.00000,89.63160,1.00000,229.92732,168.18430,235.79205,154.12577,1.00000,244.62470,114.26293
142.65627,1.00000,1.00000,240.79901,295.68885,260.18757,101.39854,1.00000,267.73572,177.42397,1.00000,110.73324,1.00000,218.58763,95.26551,137.18156,167.78801,1.00000,190.20755,140.42778
137.63407,1.00000,1.00000,296.19515,225.49972,148.93227,103.03159,1.00000,206.47946,131.30366,1.00000,43.74943,1.00000,294.31293,161.86667,179.28325,168.96754,1.00000,190.16406,110.08011
152.93840,1.00000,1.00000,223.03985,256.75715,164.38213,195.19012,1.00000,199.20865,264.21739,1.00000,94.56601,1.00000,241.74219,158.48182,240.87467,116.84903,1.00000,273.80137,108.46470
151.68720,1.00000,1.00000,231.95014,218.36225,204.46650,192.04334,1.00000,150.11263,311.63274,1.00000,92.90342,1.00000,199.63616,136.18094,232.12250,90.14820,1.00000,235.14057,136.40121
133.98782,1.00000,1.00000,240.21212,285.77445,257.05008,155.11998,1.00000,135.85326,297.80042,1.00000,80.59244,1.00000,261.68092,105.91566,260.03628,215.12105,1.00000,112.44083,112.86209
141.88710,1.00000,1.00000,316.48387,328.87346,395.25233,99.33255,1.00000,229.19160,335.67568,1.00000,180.88180,1.00000,229.15391,89.54038,165.26439,223.80003,1.00000,234.09136,142.72685
145.01987,1.00000,1.00000,251.60262,211.98746,242.12244,159.37662,1.00000,261.25042,275.51926,1.00000,131.33925,1.00000,132.00626,178.62471,292.55912,232.38500,1.00000,198.86097,89.26801
145.19638,1.00000,1.00000,204.80752,119.80000,254.48186,134.11660,1.00000,222.66006,365.19447,1.00000,123.73350,1.00000,193.01050,98.64114,163.85306,170.91088,1.00000,193.46583,129.23590
185.36133,1.00000,1.00000,349.98953,256.23032,220.21568,118.72395,1.00000,261.06364,429.72745,1.00000,78.61290,1.00000,273.31089,121.77652,174.60224,219.88139,1.00000,159.75687,136.15325
129.37419,1.00000,1.00000,337.36284,282.90536,255.66819,115.83124,1.00000,292.70873,378.51243,1.00000,98.13616,1.00000,268.30255,142.27285,168.85261,348.47485,1.00000,147.48398,115.15803
160.15525,1.00000,1.00000,172.01939,272.17611,160.06055,142.53195,1.00000,224.90130,322.59254,1.00000,93.04200,1.00000,253.43087,52.71466,178.96300,285.77130,1.00000,241.43018,79.32244
103.24949,1.00000,1.00000,295.56654,243.02298,229.94828,123.72296,1.00000,204.91419,229.40155,1.00000,115.92922,1.00000,227.77887,130.27167,181.07116,296.12590,1.00000,212.24580,98.35584
82.51631,1.00000,1.00000,251.77237,207.71951,282.25457,102.93312,1.00000,172.53350,288.55113,1.00000,148.23355,1.00000,318.79363,134.07811,124.73305,241.99315,1.00000,258.85480,103.95458
153.09953,1.00000,1.00000,357.58304,296.71402,209.34711,105.10069,1.00000,230.16656,269.58210,1.00000,83.50832,1.00000,282.62096,177.93977,145.74774,231.01269,1.00000,194.32912,117.22379
173.99097,1.00000,1.00000,217.01846,286.56467,255.40992,157.93599,1.00000,274.33485,290.68361,1.00000,123.18956,1.00000,319.30957,113.60697,225.58279,203.16342,1.00000,336.49398,132.41463
173.79217,1.00000,1.00000,361.52575,245.90219,265.37143,176.17996,1.00000,243.35380,286.13457,1.00000,69.49863,1.00000,291.00861,148.95537,136.98796,85.35030,1.00000,292.72121,139.17606
144.90160,1.00000,1.00000,366.08862,422.24648,199.79858,112.37991,1.00000,269.06710,398.12173,1.00000,62.96967,1.00000,307.58464,97.85292,219.15355,255.58983,1.00000,236.26512,104.46468
111.63653,1.00000,1.00000,306.26422,234.91395,261.56878,162.36612,1.00000,211.46116,309.13502,1.00000,86.18114,1.00000,255.99433,137.12468,264.56819,132.21504,1.00000,318.24929,166.88717
165.21726,1.00000,1.00000,241.23434,205.92500,295.13234,125.26944,1.00000,212.11531,367.61349,1.00000,105.49494,1.00000,234.71556,95.71885,260.52936,144.41787,1.00000,232.42728,95.07140
141.93235,1.00000,1.00000,296.23071,130.87379,233.06614,264.99358,1.00000,191.41617,267.71084,1.00000,115.54406,1.00000,268.90551,114.72279,211.95974,321.98997,1.00000,283.35992,107.82841
183.94131,1.00000,1.00000,156.36186,178.81776,216.68487,225.83296,1.00000,243.55035,405.23332,1.00000,102.96599,1.00000,242.37958,156.17872,156.43956,228.88327,1.00000,260.78270,116.99902
133.64961,1.00000,1.00000,361.92668,177.95748,241.48432,149.30977,1.00000,178.33947,368.49135,1.00000,149.27119,1.00000,325.03930,80.87217,294.15831,260.09221,1.00000,158.77999,136.46323
120.88694,1.00000,1.00000,366.43819,319.16195,395.66565,222.70141,1.00000,269.04139,259.10657,1.00000,143.51714,1.00000,295.93372,114.68035,165.51948,265.69596,1.00000,225.04888,49.15326
108.40213,1.00000,1.00000,184.78562,302.84849,214.02858,217.16035,1.00000,183.72291,221.49903,1.00000,167.03897,1.00000,337.19643,111.10080,241.26840,276.76756,1.00000,258.70639,124.85627
156.61917,1.00000,1.00000,358.42598,217.78905,272.26287,91.65478,1.00000,156.62851,269.99064,1.00000,82.71148,1.00000,198.39095,122.12613,167.70238,260.78590,1.00000,237.59677,44.27270
132.36277,1.00000,1.00000,270.14085,294.12837,303.83765,85.02743,1.00000,239.56988,230.85102,1.00000,42.36702,1.00000,209.53341,64.50632,279.89764,195.35663,1.00000,286.49611,113.72754
201.68981,1.00000,1.00000,212.78417,321.20040,261.07155,160.24259,1.00000,218.62187,215.41804,1.00000,118.24755,1.00000,134.64083,103.03342,211.20860,204.78804,1.00000,236.23834,116.19392
150.71298,1.00000,1.00000,277.24901,361.55742,329.90942,127.98550,1.00000,217.12273,261.54129,1.00000,65.31867,1.00000,341.50976,98.49306,148.59993,219.87627,1.00000,192.20659,129.14708
127.00830,1.00000,1.00000,273.55192,170.44388,224.43259,49.33375,1.00000,307.63713,311.07968,1.00000,146.80111,1.00000,181.69619,130.53184,211.75373,231.33092,1.00000,242.51859,125.06656
181.00464,1.00000,1.00000,235.52158,189.63271,217.74119,186.21926,1.00000,115.63786,301.79347,1.00000,99.81849,1.00000,346.95591,141.38982,144.67717,196.07101,1.00000,150.50859,106.80206
71.21074,1.00000,1.00000,314.77516,147.63123,311.83681,150.82220,1.00000,173.21130,209.46037,1.00000,102.43237,1.00000,297.93587,102.20964,193.02932,268.11073,1.00000,319.40745,62.93322
146.77936,1.00000,1.00000,288.21531,236.60382,195.07371,142.20969,1.00000,172.72163,237.56601,1.00000,107.40304,1.00000,218.60604,149.50748,224.04201,130.69362,1.00000,157.77823,79.60293
122.98531,1.00000,1.00000,395.13442,295.74527,241.25165,125.47292,1.00000,166.04361,334.30456,1.00000,123.32029,1.00000,164.30218,92.65368,206.16823,188.69755,1.00000,358.61339,121.35173
120.73574,1.00000,1.00000,345.36823,240.53150,222.43347,175.52150,1.00000,221.21871,362.16908,1.00000,134.39689,1.00000,199.33983,127.24073,222.44753,191.49427,1.00000,286.42823,102.31693
129.43104,1.00000,1.00000,304.42111,197.24994,301.81408,90.89819,1.00000,255.56687,264.34113,1.00000,146.12417,1.00000,240.94770,114.22884,141.68168,165.17533,1.00000,260.11415,133.23263
196.95144,1.00000,1.00000,286.11116,285.79993,176.80808,150.19700,1.00000,195.58877,213.07723,1.00000,90.39818,1.00000,309.45000,102.45098,189.98048,202.50486,1.00000,323.27728,121.90805
173.24531,1.00000,1.00000,287.72528,253.80756,233.50767,200.97112,1.00000,140.90295,288.19572,1.00000,100.62174,1.00000,251.35485,136.37988,185.30545,211.04732,1.00000,212.19787,101.57417
106.21443,1.00000,1.00000,370.50953,233.81659,308.21694,175.49831,1.00000,232.64457,365.57964,1.00000,68.17023,1.00000,177.71163,146.08464,220.31767,207.37712,1.00000,312.58577,120.30152
173.54854,1.00000,1.00000,218.82834,385.60597,312.78252,115.80272,1.00000,208.46996,305.57488,1.00000,111.25823,1.00000,289.79264,147.70436,249.94440,203.64001,1.00000,268.32517,117.05872
184.66190,1.00000,1.00000,306.46877,262.13113,276.45782,116.64382,1.00000,190.05954,339.62231,1.00000,116.36807,1.00000,222.77915,73.83284,210.64724,221.28020,1.00000,249.67786,100.63598
169.04644,1.00000,1.00000,287.56922,210.78338,306.14650,155.39208,1.00000,210.54355,250.20632,1.00000,100.17112,1.00000,327.20540,126.76104,138.23718,177.12583,1.00000,269.73534,149.92536
66.39723,1.00000,1.00000,288.01724,377.10836,298.39543,145.35957,1.00000,265.95635,299.47394,1.00000,108.06463,1.00000,269.18471,163.11124,224.62241,171.00496,1.00000,195.83366,57.46771
144.92650,1.00000,1.00000,296.25775,233.88296,265.30582,129.31950,1.00000,109.15603,229.01187,1.00000,120.06033,1.00000,259.03387,115.47446,222.39350,265.63526,1.00000,233.99310,103.66821
170.13180,1.00000,1.00000,264.69168,225.42258,214.02109,216.34121,1.00000,256.60769,222.91587,1.00000,103.90090,1.00000,214.45449,119.26653,155.89693,232.10212,1.00000,154.94307,108.12442
115.08692,1.00000,1.00000,199.25922,250.12773,196.20009,143.75234,1.00000,138.79009,451.93086,1.00000,88.41414,1.00000,329.24146,74.65858,228.17140,283.45467,1.00000,236.75980,149.99078
142.81517,1.00000,1.00000,399.73091,274.96751,192.88026,167.67154,1.00000,212.86750,293.43206,1.00000,78.10634,1.00000,219.00955,171.34108,230.78294,224.27763,1.00000,235.54199,72.22804
150.61181,1.00000,1.00000,201.99529,215.19726,294.36646,127.66798,1.00000,83.83652,134.67544,1.00000,96.68438,1.00000,306.33595,137.69217,228.31617,153.75133,1.00000,236.15413,85.28507
78.82441,1.00000,1.00000,165.85914,208.14727,310.46071,123.71434,1.00000,178.86224,249.77867,1.00000,110.14205,1.00000,293.03555,106.84054,159.22694,153.86270,1.00000,191.98378,101.55905
166.29034,1.00000,1.00000,131.12380,305.45815,239.16779,106.38973,1.00000,170.62269,374.17054,1.00000,94.19751,1.00000,194.84950,144.40992,296.77820,123.84215,1.00000,368.02155,143.42313
117.69771,1.00000,1.00000,212.18268,393.38904,292.35823,121.27125,1.00000,285.72929,228.78621,1.00000,99.68662,1.00000,195.55905,143.52805,245.50533,242.70573,1.00000,258.55596,117.82473
108.52190,1.00000,1.00000,256.68333,278.93538,355.21579,154.44500,1.00000,179.83157,325.40645,1.00000,107.49194,1.00000,188.71616,126.48351,199.04528,115.73658,1.00000,281.05040,105.73858
200.04922,1.00000,1.00000,242.47049,249.32762,272.38794,230.89529,1.00000,203.88550,221.18588,1.00000,67.60259,1.00000,346.77265,140.40293,181.62560,244.91060,1.00000,219.76123,94.26796
175.37459,1.00000,1.00000,284.92984,190.11230,263.19634,107.15646,1.00000,226.02018,418.23584,1.00000,139.96532,1.00000,247.25963,112.51876,185.50291,165.45657,1.00000,275.57761,130.30608
209.59855,1.00000,1.00000,187.20849,199.67811,290.22587,155.40106,1.00000,199.70879,313.53298,1.00000,101.74306,1.00000,284.84261,146.02368,220.01564,112.11029,1.00000,215.95343,111.60148
113.10614,1.00000,1.00000,413.95158,380.32124,245.78896,154.75161,1.00000,225.28277,332.53147,1.00000,82.26257,1.00000,212.61259,116.56829,228.65221,262.38405,1.00000,319.65568,144.50801
114.49254,1.00000,1.00000,300.51037,313.50898,282.89609,191.60854,1.00000,166.38301,272.17194,1.00000,143.47264,1.00000,217.80849,138.69654,161.10754,236.80410,1.00000,217.37881,164.00441
159.45012,1.00000,1.00000,249.57367,249.79970,141.96925,83.92401,1.00000,191.88965,304.92498,1.00000,94.99949,1.00000,336.27456,161.24386,223.10548,221.32426,1.00000,273.09743,128.17705
158.84852,1.00000,1.00000,317.08809,221.78760,388.83742,174.03824,1.00000,234.28786,292.51702,1.00000,138.99175,1.00000,167.39554,112.25288,188.64372,174.93838,1.00000,269.43138,119.80877
150.79748,1.00000,1.00000,257.09133,297.22228,264.02033,150.75647,1.00000,276.09665,419.43404,1.00000,95.63747,1.00000,181.90771,111.40188,56.64749,189.35745,1.00000,351.38156,98.18255
237.10579,1.00000,1.00000,296.07430,285.28185,189.44622,97.85027,1.00000,232.95414,413.04375,1.00000,117.96099,1.00000,282.65429,64.73747,167.32484,160.06864,1.00000,280.21114,123.88350
163.06836,1.00000,1.00000,359.99542,225.20152,196.00899,199.65474,1.00000,188.09765,446.11545,1.00000,87.88973,1.00000,301.36895,96.75209,305.90455,253.04515,1.00000,181.60329,96.93828
92.63682,1.00000,1.00000,281.66412,213.42103,253.02690,94.55089,1.00000,208.30431,339.71619,1.00000,144.01286,1.00000,297.65232,113.60095,187.60071,194.96238,1.00000,282.79893,115.32237
94.29596,1.00000,1.00000,368.61976,246.08748,151.00379,76.51539,1.00000,176.00335,234.59001,1.00000,65.49605,1.00000,280.46952,118.85415,231.13562,190.21544,1.00000,335.11408,108.99347
126.12891,1.00000,1.00000,227.77839,283.45335,94.99590,167.84349,1.00000,156.80766,291.53352,1.00000,154.17851,1.00000,197.46819,109.59260,182.94504,211.66601,1.00000,327.28867,124.00017
138.73895,1.00000,1.00000,307.07457,353.16485,305.02415,193.23757,1.00000,252.87061,358.51840,1.00000,59.26883,1.00000,240.16964,89.06673,140.04215,179.94569,1.00000,344.34208,105.43216
172.79989,1.00000,1.00000,302.28592,145.87591,288.87038,158.51061,1.00000,171.43166,217.33266,1.00000,98.31469,1.00000,174.47558,143.48210,213.42797,218.72389,1.00000,261.35829,140.55620
116.08348,1.00000,1.00000,299.40099,243.77510,271.17380,116.58490,1.00000,242.77736,273.65815,1.00000,79.14558,1.00000,223.84773,79.75868,238.83797,187.70198,1.00000,348.62278,75.58615
95.03197,1.00000,1.00000,386.26597,254.05173,262.24477,126.02854,1.00000,222.97918,264.49634,1.00000,119.09774,1.00000,143.49339,124.78775,194.43645,289.13306,1.00000,163.52365,75.20474
181.45300,1.00000,1.00000,193.48838,199.03505,364.90118,124.26270,1.00000,122.31601,288.43927,1.00000,108.64129,1.00000,207.47330,131.30792,100.35884,177.37034,1.00000,234.01688,88.57351
171.86816,1.00000,1.00000,323.76740,177.17696,248.77664,73.79772,1.00000,238.18127,239.64289,1.00000,71.90641,1.00000,287.47946,123.92871,135.22158,169.10363,1.00000,270.87875,121.38092
188.88836,1.00000,1.00000,287.65844,153.83355,205.13643,182.96226,1.00000,184.61810,249.80537,1.00000,110.69856,1.00000,237.41346,135.91848,147.37392,147.72419,1.00000,308.20891,85.39375
128.46032,1.00000,1.00000,304.36839,176.81814,213.38600,132.96946,1.00000,172.56093,200.67794,1.00000,57.02095,1.00000,250.18354,136.60881,183.72111,233.20672,1.00000,161.15451,80.31973
165.89849,1.00000,1.00000,215.67115,231.89750,303.31972,41.83803,1.00000,174.30946,328.08589,1.00000,129.56519,1.00000,353.49148,125.06195,246.62249,278.02661,1.00000,228.10490,126.80382
212.28057,1.00000,1.00000,357.75942,257.82313,192.25166,112.36699,1.00000,180.49507,398.65525,1.00000,143.05879,1.00000,202.09958,120.94160,236.65197,167.19518,1.00000,295.24380,125.94876
96.71678,1.00000,1.00000,414.83404,255.76897,215.89487,112.18797,1.00000,144.48507,215.79245,1.00000,68.75336,1.00000,177.14206,147.54525,201.33582,227.49209,1.00000,301.24096,102.60352
167.74500,1.00000,1.00000,404.49247,90.05156,303.27505,162.27655,1.00000,248.00329,235.87520,1.00000,111.85091,1.00000,130.08441,128.24219,293.98975,208.54983,1.00000,150.54055,111.90908
115.72168,1.00000,1.00000,217.99677,221.49493,379.60434,198.97280,1.00000,245.79626,257.26107,1.00000,39.64142,1.00000,319.95831,131.15290,300.41123,114.88680,1.00000,157.94373,129.51895
144.58675,1.00000,1.00000,328.68984,244.90432,365.17702,155.78238,1.00000,241.65231,178.64006,1.00000,148.10611,1.00000,249.67491,143.33277,216.80987,225.48818,1.00000,302.55718,85.39350
148.33764,1.00000,1.00000,266.07438,289.72540,201.02428,118.28634,1.00000,282.50618,273.12017,1.00000,97.75449,1.00000,200.57254,128.33968,214.08224,179.43486,1.00000,384.53583,84.70270
148.13509,1.00000,1.00000,214.95722,252.69260,332.20592,113.63561,1.00000,215.05450,372.12764,1.00000,141.25402,1.00000,311.41985,139.16700,178.91044,252.91132,1.00000,231.20183,122.95493
222.74164,1.00000,1.00000,268.74892,216.26249,219.54331,135.20537,1.00000,91.37190,252.96977,1.00000,138.35733,1.00000,274.94230,107.78407,237.70323,277.06203,1.00000,344.18053,141.21344
173.27910,1.00000,1.00000,250.86381,275.25230,273.11624,54.07386,1.00000,116.79484,333.71361,1.00000,116.59341,1.00000,317.40555,115.71327,216.95093,204.22057,1.00000,314.98095,111.17753
116.09706,1.00000,1.00000,223.90620,178.39693,259.06334,130.28286,1.00000,165.00303,330.19246,1.00000,161.64769,1.00000,252.27170,79.56323,138.21120,298.80626,1.00000,431.19658,159.28464
170.83676,1.00000,1.00000,200.48634,131.68538,271.90719,127.76404,1.00000,289.40036,228.22009,1.00000,73.48978,1.00000,228.35516,164.17430,160.81427,146.15861,1.00000,320.25951,88.18325
142.28067,1.00000,1.00000,168.63249,274.94522,236.31154,148.27616,1.00000,209.21500,246.19627,1.00000,138.43973,1.00000,292.41210,128.63584,95.09894,114.43823,1.00000,269.53956,74.02182
166.51262,1.00000,1.00000,256.23004,227.98626,268.99233,163.06191,1.00000,278.94733,334.82461,1.00000,172.67693,1.00000,205.18638,87.13198,202.19070,184.83490,1.00000,290.81025,96.70298
126.88400,1.00000,1.00000,212.28430,260.80314,290.53038,179.08457,1.00000,202.14433,234.23231,1.00000,85.39191,1.00000,311.26888,154.34239,257.61250,124.16367,1.00000,109.58304,140.00625
173.62377,1.00000,1.00000,344.23904,126.81703,358.66840,191.20985,1.00000,170.00325,357.41436,1.00000,99.64095,1.00000,284.21203,121.70684,207.17681,202.95422,1.00000,33.86415,101.91211
118.04929,1.00000,1.00000,349.85563,205.35404,244.63013,119.43423,1.00000,121.61509,273.60044,1.00000,87.25906,1.00000,247.55160,133.68694,234.03192,220.76268,1.00000,353.13750,82.18911
130.89512,1.00000,1.00000,103.62741,194.56234,247.05249,143.90502,1.00000,212.53312,329.56561,1.00000,79.19756,1.00000,268.92233,116.92435,214.92639,227.93102,1.00000,292.46807,142.45346
171.51901,1.00000,1.00000,308.46992,267.57265,224.14735,182.30259,1.00000,176.21256,329.49977,1.00000,110.37633,1.00000,191.25210,89.51306,73.39902,146.35683,1.00000,271.74075,70.99347
162.31768,1.00000,1.00000,207.68321,198.19378,323.65045,187.87203,1.00000,180.40291,206.52986,1.00000,87.07057,1.00000,232.09469,99.90825,293.26695,319.85948,1.00000,179.30567,103.89059
108.75425,1.00000,1.00000,240.83379,212.56401,381.25076,125.93453,1.00000,241.10023,249.17840,1.00000,103.79303,1.00000,278.96626,70.47642,191.99805,193.00445,1.00000,252.53876,98.36886
170.93849,1.00000,1.00000,287.15761,249.61803,221.00603,50.25979,1.00000,272.63150,195.22440,1.00000,138.92712,1.00000,217.22496,72.51098,179.60779,201.67869,1.00000,271.98344,58.11079
123.20923,1.00000,1.00000,252.30126,263.89261,260.03467,166.08694,1.00000,206.36430,302.19056,1.00000,135.11357,1.00000,277.24269,123.04676,236.68221,210.76186,1.00000,220.35588,117.31715
186.10040,1.00000,1.00000,155.70609,250.62998,211.84751,127.73194,1.00000,157.03103,258.98444,1.00000,94.91494,1.00000,265.29014,98.89409,209.69133,282.91296,1.00000,333.42463,89.96753
107.69512,1.00000,1.00000,228.78875,185.31717,226.15536,89.19576,1.00000,126.30480,219.60647,1.00000,55.30545,1.00000,410.54885,136.02145,193.38138,239.64673,1.00000,282.52584,95.74038
129.54576,1.00000,1.00000,260.07551,260.15888,216.05907,147.52355,1.00000,186.54863,168.95380,1.00000,57.68518,1.00000,252.97907,129.34044,143.36323,216.01785,1.00000,317.60336,84.44051
152.41476,1.00000,1.00000,235.39543,225.75362,247.60844,197.95659,1.00000,132.22496,281.79818,1.00000,113.49148,1.00000,192.07029,111.88368,221.05105,215.66989,1.00000,324.69167,121.01797
41.90797,1.00000,1.00000,169.36502,167.66126,278.18466,96.19118,1.00000,232.70951,214.56353,1.00000,114.82181,1.00000,195.04705,82.54629,187.17762,304.82423,1.00000,298.51601,70.48639
99.56526,1.00000,1.00000,217.74816,305.91998,245.62509,94.18911,1.00000,262.70736,295.79807,1.00000,128.08114,1.00000,191.18513,176.79426,101.62260,177.70692,1.00000,212.70185,106.40656
151.51850,1.00000,1.00000,239.82532,115.68400,329.61034,113.99122,1.00000,166.68154,244.39248,1.00000,174.50866,1.00000,230.70710,129.91658,150.91143,199.35302,1.00000,149.91943,85.02565
173.64197,1.00000,1.00000,276.01223,403.80126,329.93024,91.23014,1.00000,150.50128,292.97104,1.00000,130.04583,1.00000,244.41409,169.25286,131.49340,240.24748,1.00000,131.33806,110.66270
114.04448,1.00000,1.00000,275.14332,307.48786,260.74945,144.82712,1.00000,248.42660,424.58911,1.00000,106.51890,1.00000,207.07123,148.95011,155.65905,178.19058,1.00000,246.17676,109.54838
129.22338,1.00000,1.00000,339.93930,234.83686,299.41383,186.72731,1.00000,261.85365,294.07567,1.00000,136.59360,1.00000,195.68972,85.61304,170.70901,180.42975,1.00000,324.76779,129.05788
174.97661,1.00000,1.00000,315.13962,280.99351,215.38187,141.26694,1.00000,161.29725,271.32113,1.00000,125.33838,1.00000,152.10763,128.81150,239.47624,191.49271,1.00000,191.63394,90.94260
146.97514,1.00000,1.00000,146.16301,205.54988,139.03579,70.11263,1.00000,301.04750,343.02088,1.00000,161.53765,1.00000,276.24311,116.40048,197.97450,154.29299,1.00000,319.55576,119.08173
199.25456,1.00000,1.00000,304.60520,203.21763,133.28154,96.62445,1.00000,111.29726,351.95320,1.00000,129.52108,1.00000,203.08645,131.95694,191.35655,187.91341,1.00000,241.84411,106.61433
243.19104,1.00000,1.00000,342.11097,274.83384,274.20306,174.36184,1.00000,162.52244,248.33188,1.00000,124.41743,1.00000,224.33911,129.75024,184.40322,303.14249,1.00000,228.52324,97.40782
188.21205,1.00000,1.00000,128.56062,385.64868,305.83993,140.88478,1.00000,178.90125,416.40334,1.00000,100.37323,1.00000,307.17520,150.65567,192.74267,307.08017,1.00000,152.83896,122.24029
163.71585,1.00000,1.00000,296.80771,111.37626,359.93768,94.57042,1.00000,195.55839,402.16647,1.00000,100.49025,1.00000,322.56946,137.85415,226.88091,226.38805,1.00000,268.76755,127.00402
122.74740,1.00000,1.00000,349.07647,305.60678,264.45297,180.63266,1.00000,174.03381,283.83648,1.00000,118.89672,1.00000,201.63830,140.35855,258.98316,126.89885,1.00000,258.62738,54.44715
144.03864,1.00000,1.00000,239.20143,345.20632,420.32425,216.06449,1.00000,292.67257,303.12730,1.00000,112.27104,1.00000,273.29773,115.82419,197.18684,160.14523,1.00000,284.90204,87.12116
166.72946,1.00000,1.00000,235.70863,253.12071,310.16602,117.47258,1.00000,233.03035,329.41899,1.00000,77.07412,1.00000,194.75080,109.60170,135.80075,246.73245,1.00000,266.34859,133.30063
114.91953,1.00000,1.00000,279.11989,221.17020,231.63198,161.55347,1.00000,211.82356,209.07630,1.00000,135.83504,1.00000,242.47377,96.86935,200.42637,163.77014,1.00000,253.85191,77.24752
119.74564,1.00000,1.00000,230.35536,310.55899,435.09189,186.13521,1.00000,306.02108,190.03438,1.00000,133.51826,1.00000,298.67386,103.79365,177.02293,225.00982,1.00000,190.67767,81.44933
156.43374,1.00000,1.00000,325.45722,160.78650,311.42650,54.50923,1.00000,198.43300,322.65129,1.00000,64.65401,1.00000,275.73872,150.62707,254.86161,265.96137,1.00000,381.08627,56.68981
139.44224,1.00000,1.00000,351.10787,280.72765,339.33623,144.22405,1.00000,167.50322,295.68423,1.00000,160.25190,1.00000,195.17507,103.75048,218.51694,253.79267,1.00000,309.53456,51.01428
144.13872,1.00000,1.00000,355.43809,161.25165,208.75213,113.93285,1.00000,86.09293,283.92752,1.00000,99.99572,1.00000,258.61933,131.54989,243.21877,246.88937,1.00000,447.77727,123.05450
147.67003,1.00000,1.00000,255.82036,311.92509,237.06112,209.89678,1.00000,220.46008,273.71497,1.00000,105.94703,1.00000,289.00087,95.25118,157.80360,217.84174,1.00000,276.74367,70.02695
159.77500,1.00000,1.00000,188.93479,188.06738,251.59345,127.06186,1.00000,154.51040,269.13595,1.00000,95.25913,1.00000,223.99135,95.53429,240.81909,176.91754,1.00000,218.68902,85.68512
202.59366,1.00000,1.00000,310.26214,249.28925,185.48864,107.40176,1.00000,233.21302,279.66391,1.00000,131.73148,1.00000,156.65877,102.96912,168.28798,234.98228,1.00000,135.76705,98.11903
177.92273,1.00000,1.00000,203.32268,325.36896,348.72193,184.23059,1.00000,239.49167,322.47285,1.00000,71.71593,1.00000,182.10032,127.64869,202.09061,94.48029,1.00000,340.59844,72.08979
136.02563,1.00000,1.00000,233.19089,300.65121,268.46715,205.90203,1.00000,212.26639,308.85036,1.00000,102.27571,1.00000,166.51868,109.27678,237.00571,235.62860,1.00000,198.82157,130.81681
78.23941,1.00000,1.00000,280.64267,222.27896,259.71769,145.89284,1.00000,195.23242,274.67885,1.00000,110.65836,1.00000,261.75391,82.73043,194.84419,173.82773,1.00000,208.03572,115.12379
80.32481,1.00000,1.00000,426.94083,244.94345,199.46955,154.67112,1.00000,223.07566,286.17010,1.00000,131.80833,1.00000,255.47208,119.31896,233.44833,261.62465,1.00000,339.25083,152.70169
163.21583,1.00000,1.00000,172.79397,153.39255,328.56302,115.88628,1.00000,162.52714,264.38454,1.00000,158.67486,1.00000,282.28713,121.95994,205.97223,146.24598,1.00000,182.99462,180.15104
105.95199,1.00000,1.00000,253.25112,328.40046,123.75858,104.87499,1.00000,190.92600,311.22724,1.00000,104.02814,1.00000,226.58030,100.29352,193.04789,223.06610,1.00000,290.63057,103.40425
123.37739,1.00000,1.00000,223.98499,263.47086,308.78751,163.05553,1.00000,170.29142,368.79958,1.00000,124.70265,1.00000,188.93477,124.25543,211.09221,185.07124,1.00000,202.23166,122.66820
163.86864,1.00000,1.00000,261.55698,380.79664,317.49990,209.51313,1.00000,260.30316,351.80977,1.00000,165.77083,1.00000,203.27836,135.22061,255.62408,307.59953,1.00000,204.04561,103.02037
147.90839,1.00000,1.00000,236.14302,319.08100,334.39453,180.00734,1.00000,105.11066,346.73640,1.00000,134.59344,1.00000,233.72809,46.21972,135.16185,188.21319,1.00000,123.77951,119.13022
171.76191,1.00000,1.00000,204.77684,244.67679,207.92864,151.02902,1.00000,199.43812,242.79503,1.00000,148.95177,1.00000,349.11756,95.09591,169.49163,168.00097,1.00000,332.64405,142.33290
198.73042,1.00000,1.00000,232.76483,248.66895,288.67148,92.38885,1.00000,174.97008,165.41689,1.00000,98.97663,1.00000,338.13672,71.34360,215.86754,269.83375,1.00000,332.87002,126.58239
115.11202,1.00000,1.00000,325.43632,245.11129,231.22431,242.97206,1.00000,128.19759,264.03633,1.00000,151.74149,1.00000,188.28352,156.72183,213.53144,232.75522,1.00000,262.21957,86.94728
172.03878,1.00000,1.00000,287.95701,216.91344,301.61931,129.93173,1.00000,235.68921,237.64848,1.00000,94.28305,1.00000,360.52138,131.37620,182.53122,155.28330,1.00000,218.78779,108.22936
140.04203,1.00000,1.00000,199.01759,208.39669,206.99767,184.64407,1.00000,170.31392,397.05544,1.00000,133.81804,1.00000,265.41892,164.70279,311.66368,217.15714,1.00000,271.19671,136.53726
211.84545,1.00000,1.00000,266.77378,353.38479,272.01420,111.91789,1.00000,182.43065,191.02139,1.00000,109.70476,1.00000,169.74554,99.51366,197.82862,200.14487,1.00000,266.86560,183.55043
194.90534,1.00000,1.00000,148.06796,206.05230,212.12067,118.94395,1.00000,165.88809,141.41822,1.00000,130.78820,1.00000,142.92984,159.34770,259.20536,197.61839,1.00000,230.96331,101.94171
141.96603,1.00000,1.00000,251.20054,241.31236,344.18280,141.12790,1.00000,294.73528,286.32033,1.00000,109.68233,1.00000,267.37330,133.27446,266.18723,265.19555,1.00000,259.40921,112.72290
113.26488,1.00000,1.00000,187.41656,219.79889,264.72900,123.27252,1.00000,199.86534,356.22754,1.00000,98.94157,1.00000,184.80084,119.67007,197.28815,150.56362,1.00000,172.48301,86.68833
193.21318,1.00000,1.00000,249.15469,342.58191,154.72026,178.75174,1.00000,161.77464,246.79716,1.00000,97.07924,1.00000,148.35432,87.28085,247.27343,141.35432,1.00000,260.44723,94.47843
228.65523,1.00000,1.00000,286.34372,274.24129,236.51524,132.77232,1.00000,209.14595,98.49737,1.00000,109.36015,1.00000,262.67283,72.15701,211.60552,145.31388,1.00000,249.37045,92.98121
139.51160,1.00000,1.00000,207.55818,291.76409,252.39072,152.51912,1.00000,170.10927,370.04490,1.00000,99.45299,1.00000,149.49590,106.63374,247.35426,188.57014,1.00000,212.09397,124.04182
132.21782,1.00000,1.00000,139.77750,289.32645,230.25856,184.25720,1.00000,296.74506,237.91114,1.00000,98.08975,1.00000,351.22980,75.82107,190.11260,281.28441,1.00000,147.17397,119.75449
149.51789,1.00000,1.00000,233.48581,91.90366,241.02640,185.28684,1.00000,287.05306,364.15484,1.00000,92.59252,1.00000,277.21693,91.50745,160.46626,214.66152,1.00000,295.42769,94.38003
192.92577,1.00000,1.00000,299.64912,277.55662,332.84165,100.13607,1.00000,199.98783,304.13180,1.00000,105.28833,1.00000,184.60821,161.73878,204.09532,195.42482,1.00000,240.74082,65.74860
156.09442,1.00000,1.00000,268.25942,161.84377,365.24499,115.05889,1.00000,167.47854,249.34830,1.00000,134.16823,1.00000,168.42643,144.77924,237.56617,147.91502,1.00000,283.63441,114.04243
170.18628,1.00000,1.00000,294.68419,383.37008,218.91706,119.89277,1.00000,149.87046,323.78161,1.00000,114.85280,1.00000,292.90804,121.06883,234.02264,223.84404,1.00000,250.14862,102.64135
181.41499,1.00000,1.00000,269.06179,324.31592,277.07285,167.94663,1.00000,237.64623,328.26513,1.00000,110.87882,1.00000,128.42927,119.00909,246.17663,130.30776,1.00000,305.55248,99.36833
215.49710,1.00000,1.00000,199.95517,276.96466,220.12692,145.41187,1.00000,242.11882,258.88180,1.00000,123.85072,1.00000,323.24242,91.10549,206.44581,283.67073,1.00000,209.92809,166.22712
147.55017,1.00000,1.00000,289.72347,294.19544,181.50159,224.84350,1.00000,216.77918,393.21370,1.00000,127.56590,1.00000,209.91960,111.84295,260.83170,214.25226,1.00000,330.71511,75.82008
179.28763,1.00000,1.00000,266.74616,214.04877,285.77031,193.84854,1.00000,168.20593,341.41201,1.00000,137.36254,1.00000,478.01650,119.96160,267.67832,144.92294,1.00000,199.65369,89.25301
187.82668,1.00000,1.00000,321.23076,351.85477,353.86142,84.88903,1.00000,219.06285,208.63794,1.00000,102.71307,1.00000,162.39633,98.47723,212.48866,144.74487,1.00000,266.13133,132.18483
67.63339,1.00000,1.00000,210.56620,331.44535,274.46318,97.97530,1.00000,170.46749,310.23145,1.00000,97.03878,1.00000,255.17028,109.81645,116.86605,153.95070,1.00000,233.05588,116.86911
132.58437,1.00000,1.00000,272.03053,326.54073,281.54089,134.15233,1.00000,209.83284,262.76134,1.00000,155.09221,1.00000,338.58572,148.07276,230.59183,159.16450,1.00000,231.43814,102.19628
198.79832,1.00000,1.00000,195.15938,235.72034,205.62845,156.80184,1.00000,177.06602,286.99915,1.00000,142.18504,1.00000,232.82122,132.54588,188.24031,172.25760,1.00000,301.96616,105.04686
146.51294,1.00000,1.00000,371.62520,324.74314,289.70908,126.69569,1.00000,253.85479,179.33380,1.00000,132.79130,1.00000,237.04682,185.89806,210.46668,266.72901,1.00000,210.91090,122.81113
138.86302,1.00000,1.00000,330.96223,223.16615,261.61913,156.36996,1.00000,210.26406,307.74626,1.00000,140.81019,1.00000,251.62146,87.18915,150.29411,158.54839,1.00000,294.73100,84.12494
78.44162,1.00000,1.00000,157.97143,283.25476,363.57307,185.39112,1.00000,214.66475,293.65999,1.00000,147.34039,1.00000,336.87628,127.03952,162.67345,179.13969,1.00000,338.37191,83.30092
157.41988,1.00000,1.00000,269.26747,333.45057,301.80172,86.79404,1.00000,203.13093,176.75672,1.00000,144.93413,1.00000,153.87849,162.38511,128.80176,255.71389,1.00000,338.13171,72.58409
103.55306,1.00000,1.00000,183.94043,158.89042,208.30017,161.16991,1.00000,280.66624,312.92048,1.00000,160.64920,1.00000,286.58545,88.24068,175.47953,121.51446,1.00000,270.71683,154.06213
120.15076,1.00000,1.00000,335.36297,220.38843,210.19374,26.96610,1.00000,199.04877,257.51400,1.00000,130.29220,1.00000,348.77484,142.02551,105.41306,287.50246,1.00000,243.14885,130.34400
66.14686,1.00000,1.00000,204.46706,186.26896,144.85111,138.49588,1.00000,67.25780,302.99601,1.00000,123.24304,1.00000,313.60045,136.65731,208.42326,218.60489,1.00000,150.73210,115.13296
105.57561,1.00000,1.00000,314.04397,187.48718,290.76358,130.83936,1.00000,170.72061,437.92790,1.00000,172.74701,1.00000,278.21005,167.49408,242.75579,237.66383,1.00000,145.29167,153.71832
114.66537,1.00000,1.00000,191.63104,287.70988,299.97461,66.07242,1.00000,218.39143,298.16744,1.00000,99.44236,1.00000,278.43465,118.79558,164.87793,259.97007,1.00000,379.74190,94.46076
156.55640,1.00000,1.00000,222.30067,213.67611,401.60238,169.17058,1.00000,234.50356,488.31242,1.00000,64.93058,1.00000,228.63839,151.58781,234.52968,198.96555,1.00000,180.87516,110.73630
181.73943,1.00000,1.00000,168.63827,222.69479,342.43660,132.68283,1.00000,221.91848,348.98488,1.00000,98.73363,1.00000,239.62645,162.82978,274.69600,250.00515,1.00000,274.40410,92.28523
112.46673,1.00000,1.00000,267.55889,127.57221,263.20090,52.32550,1.00000,207.42596,264.37422,1.00000,135.70442,1.00000,197.36793,69.24471,198.62394,291.75050,1.00000,165.39929,98.04533
154.69077,1.00000,1.00000,308.39739,225.69871,272.16093,155.65963,1.00000,186.20673,408.35445,1.00000,99.33807,1.00000,254.67999,131.41979,213.04919,205.40444,1.00000,294.71244,79.67312
151.85861,1.00000,1.00000,380.47107,293.76962,278.89408,206.59935,1.00000,216.82464,312.42867,1.00000,118.65945,1.00000,285.64708,113.22282,163.72106,201.73015,1.00000,254.59003,115.66677
111.20915,1.00000,1.00000,280.03007,278.77304,361.47244,112.43921,1.00000,276.03413,320.37694,1.00000,76.06564,1.00000,226.95118,96.96641,214.13248,114.94789,1.00000,304.33909,157.21942
189.19552,1.00000,1.00000,249.53505,266.18389,295.41905,106.02653,1.00000,183.09217,280.55172,1.00000,136.45951,1.00000,257.33235,169.94571,133.90353,212.22794,1.00000,246.34187,68.09695
174.42838,1.00000,1.00000,264.68336,320.43389,244.74964,161.06050,1.00000,211.24725,313.25289,1.00000,86.13228,1.00000,315.77137,90.07650,235.38604,241.61153,1.00000,349.13807,93.68372
58.48150,1.00000,1.00000,182.42547,304.71040,359.28615,177.62653,1.00000,312.95159,152.83303,1.00000,103.45935,1.00000,334.66392,92.00089,198.55846,275.20040,1.00000,182.76170,113.16968
165.55988,1.00000,1.00000,197.79827,195.24106,324.31578,89.29526,1.00000,135.02294,289.99570,1.00000,71.14015,1.00000,320.77952,122.09577,180.09348,214.60204,1.00000,288.29294,127.87916
94.93968,1.00000,1.00000,358.33028,237.01076,69.41336,137.61654,1.00000,188.88478,313.18695,1.00000,106.25419,1.00000,291.26893,158.82565,205.62660,159.15243,1.00000,291.13039,116.90678
78.85408,1.00000,1.00000,245.30867,95.62234,341.00092,125.80032,1.00000,180.79900,346.86823,1.00000,144.00309,1.00000,198.05531,131.20224,152.18915,269.32584,1.00000,287.34824,114.82041
120.76639,1.00000,1.00000,362.42330,276.64727,241.12913,142.32544,1.00000,205.69530,348.75603,1.00000,77.35484,1.00000,393.95245,78.74134,236.17654,213.42376,1.00000,221.70608,89.80215
137.59525,1.00000,1.00000,486.66116,251.14540,384.90693,119.35349,1.00000,239.18276,244.49088,1.00000,95.27330,1.00000,195.08421,125.76090,179.19218,219.88822,1.00000,166.68071,154.22605
110.42008,1.00000,1.00000,380.45729,211.75445,222.89436,157.59148,1.00000,232.59768,391.86080,1.00000,83.16463,1.00000,254.19185,131.56077,222.24095,238.89679,1.00000,342.24337,140.99454
205.80261,1.00000,1.00000,215.76550,250.51601,132.50259,166.96610,1.00000,171.11054,220.31423,1.00000,110.79801,1.00000,162.54069,114.59459,201.77364,178.12104,1.00000,306.55317,99.71078
188.63548,1.00000,1.00000,212.05803,125.85072,107.08253,182.87993,1.00000,64.88331,253.10356,1.00000,123.92358,1.00000,125.93563,120.65399,145.59578,173.91265,1.00000,249.86308,125.23896
210.95042,1.00000,1.00000,348.43041,256.45066,273.76281,154.36160,1.00000,182.36776,269.67042,1.00000,94.63610,1.00000,317.75220,141.99986,205.84238,171.12973,1.00000,298.70373,90.84717
80.47686,1.00000,1.00000,304.56977,212.72962,322.40150,143.60561,1.00000,194.64583,209.72773,1.00000,160.75610,1.00000,210.60601,145.78006,324.97988,236.32050,1.00000,167.50595,117.96662
125.98498,1.00000,1.00000,256.27728,235.92484,357.82988,159.87993,1.00000,275.83007,303.10840,1.00000,105.23991,1.00000,314.17036,143.13973,231.23690,169.25005,1.00000,299.29785,134.17293
88.29753,1.00000,1.00000,254.24916,323.90846,287.24874,134.18017,1.00000,106.89571,360.35350,1.00000,119.39966,1.00000,257.38864,119.60967,233.83208,122.96080,1.00000,314.00626,124.57462
148.62568,1.00000,1.00000,288.34554,218.77413,306.90128,121.60946,1.00000,183.18833,394.43536,1.00000,123.33554,1.00000,243.31402,122.18906,159.66933,217.42173,1.00000,280.56623,88.80381
171.79607,1.00000,1.00000,315.37650,285.50426,363.20834,117.64489,1.00000,206.61293,218.56999,1.00000,151.75574,1.00000,256.90373,84.39105,122.54048,285.83679,1.00000,247.02472,125.72419
226.79090,1.00000,1.00000,205.37309,339.40721,220.60031,158.78485,1.00000,194.91549,136.33893,1.00000,167.13014,1.00000,227.75786,98.68268,182.66978,205.77023,1.00000,223.25735,110.71150
139.96522,1.00000,1.00000,260.51924,270.17578,256.28638,158.21317,1.00000,229.57630,248.73344,1.00000,101.98130,1.00000,225.84685,71.09299,211.70137,193.26273,1.00000,311.35846,103.12953
145.41150,1.00000,1.00000,221.56737,158.71770,287.66373,123.10046,1.00000,188.71418,151.43024,1.00000,112.66985,1.00000,243.60718,87.35391,183.84832,183.60143,1.00000,242.03883,119.96771
84.09196,1.00000,1.00000,241.24017,280.49481,232.41822,201.71327,1.00000,203.82529,464.85638,1.00000,126.14138,1.00000,294.39624,94.48253,171.83364,300.17619,1.00000,355.54965,130.35261
173.15985,1.00000,1.00000,365.52885,277.11857,244.84313,109.33333,1.00000,121.91098,315.79714,1.00000,86.40482,1.00000,309.37700,87.99922,332.05067,127.06128,1.00000,218.42829,123.18959
217.45627,1.00000,1.00000,219.58562,282.34768,286.69202,144.60942,1.00000,139.12522,318.97368,1.00000,84.26915,1.00000,306.60944,131.71748,151.61148,241.98364,1.00000,265.61133,85.80043
46.12845,1.00000,1.00000,349.80404,276.93872,254.31778,119.25278,1.00000,220.13615,389.34630,1.00000,124.41281,1.00000,233.01518,68.63193,162.61414,150.33534,1.00000,231.47912,112.75591
185.97340,1.00000,1.00000,222.36278,221.94768,210.99316,193.48457,1.00000,148.19690,307.51360,1.00000,85.01144,1.00000,237.08552,122.28426,248.41904,212.07637,1.00000,191.01459,98.41775
144.73723,1.00000,1.00000,262.98961,317.28142,265.73538,107.42592,1.00000,178.28569,300.38327,1.00000,168.94814,1.00000,205.43626,137.01410,163.11940,265.42656,1.00000,226.17820,74.68991
196.00704,1.00000,1.00000,118.15686,268.77200,376.82989,180.15740,1.00000,240.91022,348.39900,1.00000,121.71462,1.00000,332.41742,138.67896,275.48805,198.03969,1.00000,183.40313,135.72937
177.71558,1.00000,1.00000,241.10743,118.30325,256.15449,211.40389,1.00000,227.62375,248.30443,1.00000,188.04155,1.00000,328.70713,123.65121,111.23375,283.16559,1.00000,386.81617,100.56274
172.48176,1.00000,1.00000,335.91562,253.94975,233.34641,107.68044,1.00000,281.75343,346.76565,1.00000,88.28715,1.00000,288.76057,128.73384,277.86035,309.40730,1.00000,189.90938,100.98612
143.12572,1.00000,1.00000,348.27402,212.58024,192.12595,185.54719,1.00000,177.20901,69.31859,1.00000,81.42743,1.00000,334.85379,99.29668,156.48978,159.53917,1.00000,208.47816,134.49421
178.69902,1.00000,1.00000,383.67511,250.85397,296.78695,154.13702,1.00000,113.65521,199.11485,1.00000,141.91192,1.00000,195.28982,135.92777,256.18567,192.43317,1.00000,207.95133,145.70919
143.90552,1.00000,1.00000,263.29367,219.12871,349.66817,154.23434,1.00000,159.81245,348.67158,1.00000,100.32569,1.00000,302.71380,101.26201,127.91478,123.46151,1.00000,213.73305,106.77731
123.70646,1.00000,1.00000,147.68734,366.72323,224.41546,173.69913,1.00000,211.56468,417.67558,1.00000,97.30442,1.00000,264.19595,99.70721,223.00070,198.24627,1.00000,272.65830,157.96075
181.93922,1.00000,1.00000,321.34419,250.31091,345.62341,147.31530,1.00000,234.37730,229.15322,1.00000,125.06782,1.00000,266.75433,143.50236,162.57930,252.07900,1.00000,188.89571,125.94698
135.35220,1.00000,1.00000,303.61930,236.85735,317.83793,232.74162,1.00000,290.76748,430.99767,1.00000,83.59957,1.00000,244.55870,134.47279,280.69054,194.56736,1.00000,210.00862,115.86159
138.71217,1.00000,1.00000,288.81014,293.67147,187.78286,122.63536,1.00000,163.45249,366.48509,1.00000,105.69244,1.00000,223.17593,135.16627,251.15402,193.21588,1.00000,166.62953,120.67902
124.95972,1.00000,1.00000,380.63819,297.98771,404.63857,112.34447,1.00000,275.15244,353.07268,1.00000,109.41863,1.00000,169.63807,137.43039,232.59327,134.62175,1.00000,213.20786,86.15063
234.52872,1.00000,1.00000,210.82631,238.63667,380.48610,130.76628,1.00000,206.99376,272.13681,1.00000,137.21621,1.00000,306.33825,116.87223,213.70018,232.86065,1.00000,184.17681,102.35185
146.01008,1.00000,1.00000,200.79967,139.95458,274.76856,136.98630,1.00000,171.43433,369.13236,1.00000,100.87760,1.00000,294.16991,112.97338,249.94982,260.18844,1.00000,248.66471,88.56343
136.93262,1.00000,1.00000,343.63894,336.23493,253.40119,134.60986,1.00000,259.58126,295.12584,1.00000,80.08453,1.00000,293.51917,180.25474,240.03035,235.32560,1.00000,245.52818,100.32089
155.93742,1.00000,1.00000,325.23636,289.22482,297.18573,117.61065,1.00000,263.02037,264.77772,1.00000,146.47782,1.00000,335.21849,108.97667,230.33195,290.62800,1.00000,182.75202,95.22541
139.08323,1.00000,1.00000,327.65844,172.59016,295.99009,66.47083,1.00000,233.06311,527.74610,1.00000,75.72919,1.00000,242.25696,150.08007,209.80321,209.22807,1.00000,212.55479,154.12821
148.79238,1.00000,1.00000,256.31851,258.80944,278.28602,191.57116,1.00000,292.55074,101.16113,1.00000,95.11742,1.00000,261.27069,93.29234,159.45373,219.21605,1.00000,198.02722,157.91191
211.59294,1.00000,1.00000,263.68744,221.21360,262.90624,235.31379,1.00000,191.44869,269.41619,1.00000,119.70200,1.00000,247.11711,141.35028,228.56995,239.02841,1.00000,188.56491,103.44525
140.00272,1.00000,1.00000,373.49029,343.21909,212.81950,74.76064,1.00000,194.94959,401.84756,1.00000,116.49557,1.00000,170.66392,98.82378,266.38364,131.27616,1.00000,256.75330,105.82459
126.86442,1.00000,1.00000,230.72409,301.86741,184.72150,122.96170,1.00000,221.27649,200.12519,1.00000,132.17620,1.00000,373.48486,139.86566,161.03452,277.53111,1.00000,286.19279,112.98180
108.07770,1.00000,1.00000,246.77585,348.73811,299.38664,133.45933,1.00000,127.01465,419.30384,1.00000,152.51551,1.00000,257.95592,132.62387,188.45329,270.69121,1.00000,272.96627,70.41215
178.37754,1.00000,1.00000,317.07215,262.59144,354.66936,176.46441,1.00000,228.42061,270.08844,1.00000,83.42325,1.00000,372.25832,67.49999,182.38431,154.63293,1.00000,189.31701,83.84856
189.16110,1.00000,1.00000,304.65567,299.13473,329.11192,161.93891,1.00000,142.67672,313.10834,1.00000,101.11192,1.00000,221.41587,161.27759,264.23750,202.30071,1.00000,269.82427,99.56695
231.90238,1.00000,1.00000,219.60987,275.81348,203.31485,161.73508,1.00000,134.17673,235.48429,1.00000,99.30579,1.00000,176.59330,62.69317,142.19126,232.84667,1.00000,275.77786,95.96516
92.83793,1.00000,1.00000,284.06033,274.59224,414.29050,140.34816,1.00000,217.20026,151.06587,1.00000,91.80492,1.00000,261.87227,140.48934,172.29873,126.45905,1.00000,289.01703,105.17015
135.65283,1.00000,1.00000,289.09195,347.26205,323.05204,128.38944,1.00000,216.56369,283.46726,1.00000,111.56864,1.00000,237.87107,175.62404,163.46346,69.05519,1.00000,415.00175,125.07908
92.43378,1.00000,1.00000,347.21669,102.48234,278.94447,197.77063,1.00000,271.07673,384.46945,1.00000,150.13951,1.00000,188.26937,122.48208,211.16129,165.84917,1.00000,254.22460,90.00801
170.44288,1.00000,1.00000,268.63510,187.46974,286.67076,113.37923,1.00000,178.72082,364.63188,1.00000,73.07107,1.00000,383.12727,141.81560,124.38926,139.45281,1.00000,282.24054,100.47840
170.98469,1.00000,1.00000,384.27134,309.34981,239.78963,152.65225,1.00000,172.37200,277.17992,1.00000,121.98506,1.00000,238.83136,119.00025,240.04526,348.36335,1.00000,177.24978,91.66284
144.23830,1.00000,1.00000,271.21280,193.46088,265.04119,139.02019,1.00000,252.98817,188.88670,1.00000,89.71113,1.00000,245.48910,99.28130,185.98473,159.23307,1.00000,232.08647,86.49778
86.95372,1.00000,1.00000,152.61342,310.18612,185.73245,189.05257,1.00000,229.47062,367.75124,1.00000,59.90370,1.00000,138.58153,131.41420,250.87491,192.85319,1.00000,248.80159,79.07444
124.41563,1.00000,1.00000,286.85664,168.73010,181.86323,142.67497,1.00000,251.46166,275.19544,1.00000,102.09850,1.00000,130.03193,105.04868,175.50024,275.54688,1.00000,267.87430,117.58369
184.14959,1.00000,1.00000,278.55784,300.27934,388.48816,166.33320,1.00000,138.48371,311.53442,1.00000,99.97613,1.00000,220.81691,120.94559,157.26282,182.82155,1.00000,320.71099,90.82750
94.29605,1.00000,1.00000,203.38429,282.72691,167.21277,109.74734,1.00000,128.45146,240.28241,1.00000,111.81492,1.00000,199.23711,132.13622,278.85369,205.46788,1.00000,291.20642,122.08327
113.17608,1.00000,1.00000,279.79801,290.57758,257.89135,87.20838,1.00000,293.49171,236.62023,1.00000,110.36014,1.00000,272.47919,134.83714,248.52016,219.41364,1.00000,234.46567,125.38071
134.71089,1.00000,1.00000,516.14989,293.90673,273.94897,161.60820,1.00000,161.37950,333.46065,1.00000,125.36715,1.00000,331.03073,135.39951,129.21527,153.14539,1.00000,357.14982,82.38951
178.11589,1.00000,1.00000,268.11726,215.70128,296.44506,88.39142,1.00000,215.11732,257.00002,1.00000,83.81713,1.00000,322.71265,150.83782,171.30706,232.53210,1.00000,354.40597,112.16738
169.51569,1.00000,1.00000,238.18040,229.52143,208.90227,207.79634,1.00000,244.95984,307.68846,1.00000,114.19258,1.00000,394.70191,147.76921,259.30342,175.52373,1.00000,208.26339,104.38118
115.01871,1.00000,1.00000,106.83080,356.05610,337.46605,107.12210,1.00000,151.76175,253.27506,1.00000,122.85128,1.00000,200.85707,113.62518,115.55371,222.59906,1.00000,239.64445,126.79799
172.00938,1.00000,1.00000,251.52590,193.37790,168.77481,125.99236,1.00000,136.35102,346.58756,1.00000,136.62919,1.00000,292.24613,74.94452,179.65801,207.44879,1.00000,206.57110,115.31150
94.05098,1.00000,1.00000,278.36724,228.24874,249.81339,217.60166,1.00000,167.66687,196.24687,1.00000,105.16881,1.00000,215.10801,170.35872,227.84836,150.08114,1.00000,219.52466,96.18566
77.38759,1.00000,1.00000,323.17876,270.67055,324.79400,101.98184,1.00000,222.81183,266.82624,1.00000,148.19207,1.00000,248.92206,110.31261,204.43492,140.33797,1.00000,238.48066,108.17084
128.13343,1.00000,1.00000,316.75467,283.05483,244.44743,98.37840,1.00000,138.95192,329.03477,1.00000,148.98000,1.00000,198.34575,126.20539,257.73990,114.07343,1.00000,280.28983,92.48925
176.86455,1.00000,1.00000,315.51077,236.09676,215.68589,144.45377,1.00000,204.99199,277.59729,1.00000,81.35163,1.00000,184.91752,97.99841,208.20624,344.96008,1.00000,220.04447,98.53279
162.07133,1.00000,1.00000,257.76651,337.94743,291.88737,159.42462,1.00000,219.45208,249.69246,1.00000,144.25508,1.00000,212.59852,194.25670,174.18691,190.97832,1.00000,236.99949,135.05550
75.93915,1.00000,1.00000,286.22776,209.45952,235.69964,161.99206,1.00000,192.70167,249.97190,1.00000,133.73736,1.00000,166.28697,61.80617,89.06563,229.70237,1.00000,286.82953,140.87985
205.17821,1.00000,1.00000,221.43670,259.50570,213.64134,140.10650,1.00000,232.27925,335.57372,1.00000,88.38612,1.00000,279.87602,168.79891,197.04251,143.89608,1.00000,269.90908,133.08461
209.29645,1.00000,1.00000,266.15106,208.20418,154.23430,158.05293,1.00000,205.52507,277.16608,1.00000,104.83105,1.00000,201.10747,152.22869,176.62883,183.04746,1.00000,176.80775,75.11121
75.15870,1.00000,1.00000,130.76572,238.07048,232.42713,90.96485,1.00000,267.22009,207.99765,1.00000,104.01308,1.00000,411.70829,143.12408,199.24881,215.44728,1.00000,355.84513,86.57342
102.26247,1.00000,1.00000,254.91173,388.76821,334.85195,195.66806,1.00000,295.31730,276.94753,1.00000,116.76057,1.00000,345.76929,130.54587,103.73723,233.84044,1.00000,246.51830,115.84138
144.29835,1.00000,1.00000,179.11538,345.82823,286.57890,121.00448,1.00000,126.90386,194.07672,1.00000,66.91204,1.00000,338.15546,112.85252,256.54941,176.67436,1.00000,286.71166,130.79790
99.06574,1.00000,1.00000,310.46718,266.63646,169.02712,162.65791,1.00000,195.27299,299.41261,1.00000,131.07157,1.00000,137.15807,93.37688,274.32276,198.18601,1.00000,292.66419,148.25919
145.04465,1.00000,1.00000,247.39852,260.41648,273.13606,200.47900,1.00000,292.28992,295.89032,1.00000,123.25407,1.00000,264.05321,88.49622,269.81575,172.29243,1.00000,272.63766,54.68112
110.43155,1.00000,1.00000,253.54891,284.63115,258.32099,140.78871,1.00000,164.18357,175.29734,1.00000,106.17867,1.00000,247.00788,121.57145,237.23108,192.70638,1.00000,194.57743,101.05705
139.47988,1.00000,1.00000,253.51706,273.65515,282.57668,72.36039,1.00000,170.56035,238.64430,1.00000,83.84110,1.00000,333.07003,47.49036,272.73592,279.10999,1.00000,314.88858,86.94078
224.10314,1.00000,1.00000,315.21076,401.60883,219.37843,145.31677,1.00000,222.17762,199.44262,1.00000,120.00331,1.00000,213.74094,101.72024,232.93157,176.34113,1.00000,309.84091,182.16728
87.66814,1.00000,1.00000,184.78102,273.81298,251.23355,130.04093,1.00000,235.84646,347.05757,1.00000,98.13900,1.00000,264.71924,146.70638,176.50772,206.20365,1.00000,200.84521,155.50509
153.53121,1.00000,1.00000,262.26549,182.92522,252.42353,54.20181,1.00000,231.23230,270.68897,1.00000,122.88293,1.00000,261.65770,147.35389,182.98611,248.63460,1.00000,275.05617,130.50135
159.94231,1.00000,1.00000,138.32665,178.59547,275.58505,182.25219,1.00000,246.89540,119.33707,1.00000,87.49027,1.00000,416.25472,103.54764,175.80105,179.14330,1.00000,294.94994,130.71218
156.65710,1.00000,1.00000,223.17151,260.00145,232.30239,176.42624,1.00000,148.65115,240.03547,1.00000,153.12939,1.00000,264.98022,92.87207,170.58125,266.53053,1.00000,261.55375,133.53347
101.84325,1.00000,1.00000,221.87400,238.81806,241.32991,129.62185,1.00000,301.90479,275.72626,1.00000,148.27979,1.00000,215.54964,90.07575,277.24087,273.27569,1.00000,363.88439,116.13426
140.60213,1.00000,1.00000,162.82170,224.69328,360.70287,170.45389,1.00000,154.43078,273.13739,1.00000,88.98774,1.00000,286.42037,92.16100,199.33629,152.57292,1.00000,249.31870,96.74273
201.56749,1.00000,1.00000,284.92134,191.58898,335.09485,107.72351,1.00000,223.18704,430.65085,1.00000,149.53236,1.00000,359.03779,89.51336,162.71722,242.10178,1.00000,223.30758,98.65579
191.19450,1.00000,1.00000,336.01944,341.50686,275.49382,98.12665,1.00000,180.77387,364.00634,1.00000,219.72813,1.00000,172.61155,93.53074,164.11468,233.05290,1.00000,380.94549,147.18591
