62.60957,1.00000,1.00000,415.29376,186.40479,196.70044,152.90818,1.00000,214.17987,317.57274,1.00000,65.83808,1.00000,222.19238,72.66786,137.79466,153.56637,1.00000,310.72338,162.41077
104.88190,1.00000,1.00000,287.47650,403.74541,440.16453,83.17015,1.00000,146.43156,220.79176,1.00000,131.93724,1.00000,178.31733,135.21227,158.71718,178.78179,1.00000,337.54686,72.31296
148.35360,1.00000,1.00000,315.66264,328.56903,259.10971,104.89172,1.00000,223.59735,402.67954,1.00000,88.28340,1.00000,310.26239,131.75693,162.42790,163.60234,1.00000,307.77171,118.24505
163.04855,1.00000,1.00000,319.35798,150.56451,317.00315,109.82208,1.00000,253.65950,347.80992,1.00000,141.52374,1.00000,264.34735,134.38333,186.23441,203.47206,1.00000,288.88573,77.71544
147.29045,1.00000,1.00000,220.57702,304.69554,266.24812,47.18446,1.00000,168.92815,318.18144,1.00000,91.78968,1.00000,235.27544,94.44672,238.85172,234.29043,1.00000,245.49520,126.47683
162.27384,1.00000,1.00000,233.32104,419.41704,215.10495,59.52964,1.00000,321.65950,367.09117,1.00000,75.22399,1.00000,159.15984,156.76639,290.75201,210.85431,1.00000,241.69266,156.53931
112.00715,1.00000,1.00000,315.81156,199.02458,163.39526,188.94236,1.00000,215.90947,117.49235,1.00000,76.76869,1.00000,282.61647,182.17858,121.10516,188.83310,1.00000,183.66639,136.45280
189.12589,1.00000,1.00000,153.27266,275.91857,237.57715,129.15521,1.00000,154.74687,458.35866,1.00000,44.05102,1.00000,365.23228,161.74909,223.63907,155.72382,1.00000,303.88816,154.77727
148.85082,1.00000,1.00000,366.92824,291.98384,229.32768,54.32811,1.00000,128.41168,363.94418,1.00000,91.73729,1.00000,329.74702,86.71416,152.77557,97.66984,1.00000,306.49413,140.63594
143.69158,1.00000,1.00000,277.49315,299.74899,337.59389,45.18588,1.00000,157.01972,294.84971,1.00000,124.92345,1.00000,163.42358,144.68269,226.09272,221.18138,1.00000,237.12040,162.30475
130.82650,1.00000,1.00000,294.16186,310.94575,273.68810,114.99257,1.00000,316.05526,194.65467,1.00000,47.96918,1.00000,377.48668,116.12226,179.90555,250.67307,1.00000,280.17703,105.32837
162.06085,1.00000,1.00000,321.11618,297.08437,296.23862,112.12537,1.00000,140.31585,373.82660,1.00000,98.98522,1.00000,265.75450,148.77518,159.24454,325.76011,1.00000,311.20824,143.63897
158.91820,1.00000,1.00000,140.64804,298.51927,270.51371,188.73066,1.00000,185.38581,441.41127,1.00000,109.09009,1.00000,279.19730,178.62301,283.37614,265.91383,1.00000,236.86713,10.55531
51.47248,1.00000,1.00000,162.44878,316.62589,229.50472,122.02697,1.00000,316.80023,371.84662,1.00000,151.35754,1.00000,224.75342,123.85039,133.71134,253.48867,1.00000,359.32825,72.80493
181.02205,1.00000,1.00000,171.86435,74.49174,310.45113,237.15012,1.00000,74.40406,204.43434,1.00000,170.70525,1.00000,295.22890,128.54016,143.60548,114.15299,1.00000,206.80195,126.41913
203.53583,1.00000,1.00000,203.62241,358.95132,164.71002,147.67988,1.00000,147.14090,118.14409,1.00000,70.19011,1.00000,191.13878,140.91560,272.42888,137.16649,1.00000,224.62446,156.33445
136.73716,1.00000,1.00000,296.86434,393.25506,127.42376,143.12889,1.00000,219.61436,310.91989,1.00000,89.59290,1.00000,318.59388,109.46018,239.71445,242.71039,1.00000,176.77702,100.28571
112.11159,1.00000,1.00000,274.22553,340.26020,183.51113,97.26634,1.00000,314.97227,294.50513,1.00000,128.41649,1.00000,212.12679,153.26088,235.67072,102.80950,1.00000,350.73413,88.86543
129.82540,1.00000,1.00000,163.47896,234.25292,370.87922,149.86217,1.00000,171.34563,339.15602,1.00000,78.81947,1.00000,300.05970,143.49212,197.57783,240.69960,1.00000,239.90237,122.95263
203.87456,1.00000,1.00000,291.45521,131.75847,217.85999,171.27289,1.00000,207.92677,285.66203,1.00000,147.15213,1.00000,307.31741,80.67404,259.34068,244.78258,1.00000,246.54515,46.88725
219.61532,1.00000,1.00000,328.60370,155.05374,263.43887,140.07460,1.00000,208.93452,259.72784,1.00000,104.97956,1.00000,227.12846,152.34715,186.79111,274.57697,1.00000,352.56241,182.42067
72.51609,1.00000,1.00000,345.38453,335.79688,212.41956,188.13903,1.00000,119.37198,391.52443,1.00000,146.74155,1.00000,309.35159,175.38071,134.38287,165.57740,1.00000,381.76858,134.14232
123.75297,1.00000,1.00000,301.43215,272.59573,300.76523,163.52465,1.00000,269.12715,164.40870,1.00000,93.43303,1.00000,275.01535,118.52716,190.59829,222.19052,1.00000,139.21144,84.97796
78.27421,1.00000,1.00000,186.16776,183.45592,293.00341,152.31666,1.00000,197.61264,251.57695,1.00000,148.01333,1.00000,134.73904,172.97746,99.64813,174.33615,1.00000,169.81979,99.53575
69.20618,1.00000,1.00000,219.35791,145.85674,107.67388,154.37250,1.00000,109.21672,237.84220,1.00000,86.08270,1.00000,170.51974,35.86264,199.42386,252.12280,1.00000,340.80052,37.14204
152.86953,1.00000,1.00000,376.29669,235.21941,359.93544,148.04515,1.00000,316.55520,235.40033,1.00000,124.52104,1.00000,255.65103,123.71050,185.15736,201.83680,1.00000,203.41350,138.54081
176.43194,1.00000,1.00000,353.57614,328.38712,213.44050,64.60179,1.00000,247.24052,385.53710,1.00000,152.33915,1.00000,399.09254,108.30282,166.76592,209.48912,1.00000,246.44631,115.58341
112.81128,1.00000,1.00000,229.93495,227.81063,198.61683,109.65405,1.00000,215.45841,219.51086,1.00000,135.65828,1.00000,179.42452,113.10012,94.55326,117.90150,1.00000,112.54420,65.75633
91.54193,1.00000,1.00000,285.70689,310.80257,238.40431,109.45924,1.00000,141.04818,398.98587,1.00000,88.64493,1.00000,293.85538,102.57653,143.43256,224.72557,1.00000,261.27169,107.73016
139.58212,1.00000,1.00000,352.64562,301.81082,210.12795,126.85578,1.00000,227.67010,442.01568,1.00000,139.32763,1.00000,416.56268,73.44438,166.74257,227.61077,1.00000,375.91383,79.17485
122.15006,1.00000,1.00000,278.79848,239.08519,231.56260,130.77245,1.00000,115.64305,302.74566,1.00000,106.34173,1.00000,209.26173,205.48266,331.06481,269.03135,1.00000,383.90524,103.05863
110.81145,1.00000,1.00000,298.39472,168.10380,284.24452,164.32814,1.00000,185.59430,298.15279,1.00000,148.13410,1.00000,293.36770,146.24274,233.47023,293.10786,1.00000,309.38952,63.27612
155.14098,1.00000,1.00000,338.57764,206.71477,166.22192,148.28590,1.00000,245.04868,220.45417,1.00000,84.58015,1.00000,282.35661,127.39362,175.49592,199.05823,1.00000,192.10860,52.28849
52.75774,1.00000,1.00000,249.10139,133.85548,233.97649,187.58603,1.00000,218.83087,109.84805,1.00000,131.49455,1.00000,147.89222,197.27012,242.41473,228.95492,1.00000,214.26115,188.46364
159.79159,1.00000,1.00000,296.71354,195.12081,226.70833,153.07739,1.00000,142.64566,194.42124,1.00000,179.62735,1.00000,377.05807,139.09294,135.19560,238.12489,1.00000,251.14969,108.68376
126.32374,1.00000,1.00000,310.85781,255.91506,420.91176,171.60124,1.00000,317.24543,443.58724,1.00000,84.58270,1.00000,331.98427,166.91171,229.41799,301.77710,1.00000,202.83500,114.26063
75.43226,1.00000,1.00000,170.13244,251.30203,251.04144,218.57720,1.00000,239.13765,108.80131,1.00000,102.12594,1.00000,261.47845,142.39152,39.67861,302.24421,1.00000,270.86303,142.76816
234.68528,1.00000,1.00000,426.03720,276.86431,168.93633,139.37381,1.00000,241.46797,249.24845,1.00000,100.57388,1.00000,245.76630,83.66234,114.71264,167.93093,1.00000,253.68423,89.75562
242.36037,1.00000,1.00000,531.69282,225.77198,286.86302,123.49148,1.00000,317.65960,265.19907,1.00000,135.61537,1.00000,390.08378,180.78790,185.38033,230.26607,1.00000,440.18929,91.84356
138.91036,1.00000,1.00000,320.53376,201.28484,212.20377,161.53825,1.00000,196.25213,107.63631,1.00000,70.32893,1.00000,205.00139,133.07066,260.89052,113.45804,1.00000,315.29492,83.52064
164.17169,1.00000,1.00000,309.06090,349.33596,173.70701,185.56316,1.00000,147.30205,190.19678,1.00000,104.06628,1.00000,381.01210,167.90249,91.50174,228.05459,1.00000,135.53800,101.97514
146.47936,1.00000,1.00000,43.29965,184.47146,385.31014,125.12126,1.00000,164.90120,344.47437,1.00000,100.34893,1.00000,325.09376,122.35068,210.57877,245.33293,1.00000,275.46221,84.65357
145.84999,1.00000,1.00000,324.27156,170.56984,120.89611,162.18366,1.00000,254.96897,464.57732,1.00000,117.78331,1.00000,228.03659,97.64875,196.46724,162.31374,1.00000,208.45241,122.99662
129.75330,1.00000,1.00000,274.24708,303.24671,494.77770,95.07271,1.00000,171.69685,511.46462,1.00000,111.99907,1.00000,255.06702,175.90079,258.48170,148.07033,1.00000,107.81497,141.23886
134.39285,1.00000,1.00000,127.67898,192.96027,224.72399,164.03581,1.00000,267.04914,323.08504,1.00000,99.77762,1.00000,339.05722,122.72653,152.22020,189.16331,1.00000,264.71178,73.53039
61.70928,1.00000,1.00000,207.76092,198.00508,321.23618,67.30484,1.00000,253.31307,385.06859,1.00000,158.47374,1.00000,213.39519,112.29159,216.75533,323.65970,1.00000,231.47193,78.61664
162.66218,1.00000,1.00000,347.58828,307.14596,378.25969,130.75725,1.00000,206.59255,194.37206,1.00000,125.16926,1.00000,189.76474,127.93247,106.66743,368.28813,1.00000,174.77120,105.27712
184.58914,1.00000,1.00000,260.31058,334.00964,267.19699,254.98037,1.00000,235.78644,212.30859,1.00000,119.05473,1.00000,216.01686,108.77976,273.99571,189.20037,1.00000,99.08341,139.18434
152.09356,1.00000,1.00000,249.55583,337.34105,340.56493,148.74174,1.00000,208.70268,184.93901,1.00000,129.31833,1.00000,334.13782,95.78340,157.13087,181.23779,1.00000,323.80713,100.38024
150.56667,1.00000,1.00000,286.82022,311.94225,248.28879,130.34646,1.00000,88.20357,410.54588,1.00000,84.35614,1.00000,290.32254,129.09320,166.00651,172.53992,1.00000,224.75785,125.06708
173.03121,1.00000,1.00000,267.77911,306.93008,262.74453,152.06869,1.00000,265.21796,201.04768,1.00000,67.93403,1.00000,293.70362,93.67764,320.52605,245.29256,1.00000,132.11300,107.01836
166.40879,1.00000,1.00000,301.83593,260.53073,310.03566,149.51150,1.00000,197.62485,346.21782,1.00000,99.58403,1.00000,62.67144,142.37314,110.58513,251.84130,1.00000,240.83540,89.08562
165.05812,1.00000,1.00000,268.00146,209.96098,275.81694,202.55898,1.00000,209.46099,231.92948,1.00000,122.81284,1.00000,142.10668,61.62800,74.78471,192.88353,1.00000,353.57515,73.63371
129.76441,1.00000,1.00000,379.58778,315.59579,130.13831,157.59159,1.00000,183.72027,293.83726,1.00000,83.40590,1.00000,256.01318,99.33698,243.84336,176.61767,1.00000,250.66062,64.97558
204.70505,1.00000,1.00000,379.55880,187.49014,183.00684,135.37639,1.00000,268.21284,392.87523,1.00000,77.29702,1.00000,318.12242,120.34754,213.40620,183.94959,1.00000,196.13033,48.06358
171.94847,1.00000,1.00000,287.60874,285.18932,331.00215,180.30323,1.00000,268.21223,331.67214,1.00000,136.74205,1.00000,188.29025,83.79536,161.01754,238.66987,1.00000,278.29958,82.08696
143.50512,1.00000,1.00000,377.02520,365.03280,315.98594,191.16012,1.00000,321.32179,361.86318,1.00000,94.98433,1.00000,285.33799,150.67123,259.87718,239.99554,1.00000,262.50755,47.10933
122.14549,1.00000,1.00000,228.39285,326.90629,323.16847,171.94252,1.00000,245.39788,333.93910,1.00000,143.25304,1.00000,231.49085,101.62779,224.52494,278.74156,1.00000,234.17345,118.40633
106.78169,1.00000,1.00000,328.84932,309.81172,300.65305,200.35127,1.00000,260.75913,326.81032,1.00000,91.06928,1.00000,269.88837,97.17532,188.44697,141.78287,1.00000,274.98254,95.00666
192.15156,1.00000,1.00000,233.42962,386.73323,219.72774,177.45780,1.00000,241.62205,344.49878,1.00000,160.54213,1.00000,226.90127,134.96269,194.02294,240.88900,1.00000,304.80036,161.92975
55.91622,1.00000,1.00000,170.81026,197.45020,312.99969,109.01325,1.00000,287.11964,295.32742,1.00000,130.23238,1.00000,227.18970,174.30606,147.58428,207.68549,1.00000,278.40509,103.27349
115.30623,1.00000,1.00000,339.92275,255.75542,275.89318,62.53515,1.00000,216.91166,325.19428,1.00000,85.61163,1.00000,201.72928,61.75422,197.29016,296.91358,1.00000,263.88989,79.91544
119.10633,1.00000,1.00000,243.53874,290.49308,229.44259,168.13736,1.00000,204.94824,205.68799,1.00000,134.68274,1.00000,277.53165,104.94987,224.64873,141.17224,1.00000,273.21999,141.54637
126.73219,1.00000,1.00000,197.89774,283.38752,332.48711,186.25961,1.00000,202.27478,353.39086,1.00000,195.13797,1.00000,184.71438,129.31918,130.42727,141.38853,1.00000,318.82920,120.26119
87.80727,1.00000,1.00000,264.33969,190.73751,331.49346,168.57633,1.00000,179.04795,236.42439,1.00000,98.80299,1.00000,261.04545,168.06867,132.68398,255.01565,1.00000,309.56719,124.84173
160.11872,1.00000,1.00000,143.28539,283.44592,135.14862,138.14949,1.00000,177.68945,314.36749,1.00000,22.22762,1.00000,230.54886,99.95479,230.21298,291.13484,1.00000,147.88573,140.99886
187.42402,1.00000,1.00000,422.57693,286.71710,283.94720,143.70775,1.00000,264.86415,336.97042,1.00000,85.55289,1.00000,221.92816,97.81430,107.19635,133.22341,1.00000,187.74573,115.78344
155.92632,1.00000,1.00000,287.10358,319.11762,206.20212,144.07066,1.00000,363.53465,92.75014,1.00000,86.41300,1.00000,237.28402,148.59724,129.44707,188.20674,1.00000,213.97695,118.71933
136.48696,1.00000,1.00000,395.66389,312.23543,248.48338,203.63337,1.00000,138.15318,373.61030,1.00000,75.82174,1.00000,336.57490,177.48443,186.00280,293.48567,1.00000,347.59190,118.69616
143.65765,1.00000,1.00000,249.09827,174.86497,154.94070,142.78847,1.00000,133.88954,396.07674,1.00000,65.82023,1.00000,294.19575,67.48101,184.17904,172.18573,1.00000,207.65879,136.83770
148.79540,1.00000,1.00000,220.57424,229.71504,450.86011,169.58052,1.00000,244.15425,273.82269,1.00000,107.00708,1.00000,323.07740,164.33470,299.29496,261.29098,1.00000,402.10662,102.60317
171.80543,1.00000,1.00000,273.23080,172.12414,292.35668,117.39223,1.00000,282.81877,242.28935,1.00000,154.12613,1.00000,223.07972,132.32741,184.17240,162.91240,1.00000,293.71772,113.59887
185.06122,1.00000,1.00000,375.33160,307.31739,239.22545,139.34928,1.00000,153.95900,406.74155,1.00000,50.86193,1.00000,125.27333,104.77807,228.05709,186.38143,1.00000,122.91158,160.15385
94.02366,1.00000,1.00000,296.91828,243.12712,351.10022,186.91936,1.00000,294.54916,161.71529,1.00000,85.96717,1.00000,164.00847,57.37719,140.26037,162.33606,1.00000,263.89718,89.14847
168.83821,1.00000,1.00000,348.11236,290.36756,291.72004,161.33339,1.00000,115.54023,194.10479,1.00000,155.00974,1.00000,68.42427,122.48283,204.28664,154.67584,1.00000,365.91144,109.59606
92.18758,1.00000,1.00000,222.55191,202.09907,220.93066,61.63403,1.00000,165.34133,148.29462,1.00000,106.48819,1.00000,206.43964,76.82475,229.57480,106.84929,1.00000,215.66306,72.87766
192.64313,1.00000,1.00000,340.76698,256.79376,203.71222,226.25749,1.00000,163.26416,309.33161,1.00000,98.82693,1.00000,235.30249,121.73761,265.74131,166.93689,1.00000,227.55469,127.44408
152.76099,1.00000,1.00000,307.78544,229.70364,204.72837,142.95349,1.00000,198.20915,198.78482,1.00000,79.54515,1.00000,123.69460,113.82436,237.55116,269.91470,1.00000,263.87110,157.75774
143.97109,1.00000,1.00000,288.58756,176.40422,251.83593,166.77007,1.00000,156.57244,322.95764,1.00000,84.61164,1.00000,336.01409,106.30290,168.71123,231.03111,1.00000,246.17364,60.72238
78.92500,1.00000,1.00000,411.44949,160.87816,126.10094,124.72167,1.00000,130.91596,194.05690,1.00000,74.66887,1.00000,348.28551,79.62434,264.34246,240.34780,1.00000,256.92864,88.50637
107.54100,1.00000,1.00000,290.09826,150.09136,276.00577,89.11557,1.00000,263.79577,307.13219,1.00000,96.10604,1.00000,268.25664,130.69757,275.73998,99.88020,1.00000,334.96825,196.09092
210.56205,1.00000,1.00000,237.82413,261.05044,206.20562,191.38386,1.00000,42.12869,436.01937,1.00000,156.51255,1.00000,287.15712,53.87253,355.31546,195.88650,1.00000,250.90948,103.43573
240.53802,1.00000,1.00000,374.71475,494.62230,279.99955,149.84988,1.00000,187.71926,187.59748,1.00000,162.20623,1.00000,255.72266,102.74662,214.62741,182.49832,1.00000,234.86989,120.31423
219.14784,1.00000,1.00000,124.23703,389.51884,245.01267,122.97801,1.00000,165.49738,342.37643,1.00000,116.22453,1.00000,293.28733,28.70043,127.69831,243.25286,1.00000,265.55597,109.26591
164.15296,1.00000,1.00000,151.80435,245.80305,164.55230,132.69908,1.00000,128.97522,271.70726,1.00000,122.52917,1.00000,248.58357,67.28577,169.17391,196.67485,1.00000,241.14267,148.06545
167.76388,1.00000,1.00000,277.30877,230.66041,322.75523,123.39140,1.00000,156.64901,266.75714,1.00000,141.55089,1.00000,188.47847,153.02123,125.10878,254.97662,1.00000,236.41582,63.37027
163.95075,1.00000,1.00000,311.05961,330.09567,143.30911,112.92926,1.00000,193.27574,258.61690,1.00000,105.81220,1.00000,365.47636,130.90200,213.31380,216.81935,1.00000,181.63765,99.51618
157.83270,1.00000,1.00000,168.78410,282.11502,197.33857,108.46754,1.00000,202.90899,152.15710,1.00000,138.43484,1.00000,291.82674,147.31907,164.75089,216.69862,1.00000,218.26436,89.68831
120.09322,1.00000,1.00000,341.69591,307.61754,205.63580,75.03859,1.00000,194.48945,249.15164,1.00000,149.22133,1.00000,220.28958,140.36772,268.32594,294.92669,1.00000,206.44392,103.68400
130.26054,1.00000,1.00000,265.51508,92.52577,411.78233,105.59510,1.00000,190.16810,284.60122,1.00000,80.38015,1.00000,277.81709,213.18363,150.28029,235.74530,1.00000,262.92737,93.25014
156.50554,1.00000,1.00000,335.48409,248.68159,310.46635,143.47319,1.00000,215.68459,380.93301,1.00000,66.14054,1.00000,207.06487,86.95881,89.07296,185.17419,1.00000,257.43810,97.51712
162.26674,1.00000,1.00000,362.74642,204.24124,166.58122,102.43928,1.00000,130.85000,282.89108,1.00000,113.20191,1.00000,344.50584,179.92515,215.58320,222.91709,1.00000,363.88295,135.98370
193.12430,1.00000,1.00000,399.83628,301.60602,273.52525,134.98993,1.00000,308.53759,385.35326,1.00000,137.63522,1.00000,149.98116,106.16437,202.30431,240.98777,1.00000,240.93734,93.88961
208.89257,1.00000,1.00000,300.80354,297.74863,63.74358,127.78351,1.00000,190.82388,177.97178,1.00000,122.82576,1.00000,262.66802,125.83040,319.58928,188.47457,1.00000,240.16773,136.14526
168.88021,1.00000,1.00000,230.47614,269.00342,222.51854,147.59597,1.00000,352.74985,378.02353,1.00000,77.47396,1.00000,230.54614,91.76975,224.41826,116.74347,1.00000,390.25383,155.59931
91.08186,1.00000,1.00000,300.84260,341.43958,250.80449,240.47155,1.00000,68.03055,351.20832,1.00000,91.33747,1.00000,245.86245,193.42325,273.24680,155.11026,1.00000,305.02421,107.10225
160.35409,1.00000,1.00000,236.56291,201.19866,288.81874,154.35488,1.00000,309.58119,168.80051,1.00000,112.03029,1.00000,183.73987,98.76707,240.86987,81.22989,1.00000,201.92714,147.70412
194.14069,1.00000,1.00000,280.95366,220.90466,322.24432,145.24280,1.00000,264.54054,448.67296,1.00000,111.79896,1.00000,179.95210,180.84771,246.17078,204.53173,1.00000,265.30449,105.00153
138.75451,1.00000,1.00000,276.75681,337.42502,229.03188,194.41050,1.00000,173.81358,310.07882,1.00000,116.34637,1.00000,183.22043,82.33932,130.86111,262.94186,1.00000,273.00177,149.51367
87.07049,1.00000,1.00000,323.95314,344.78370,377.98829,120.26477,1.00000,253.17979,339.70588,1.00000,130.66287,1.00000,334.83179,95.85493,160.33460,178.64732,1.00000,326.48548,81.83329
162.22844,1.00000,1.00000,321.13767,256.41140,240.08724,117.29300,1.00000,147.99845,171.11428,1.00000,130.72604,1.00000,187.09489,129.71992,169.97251,281.45280,1.00000,180.85130,45.13595
111.37915,1.00000,1.00000,278.77307,294.73341,350.75294,141.95974,1.00000,193.48387,284.53714,1.00000,161.97391,1.00000,292.92571,148.14619,201.64576,216.95483,1.00000,267.65191,129.55189
152.66780,1.00000,1.00000,213.94741,366.52219,231.30415,173.35126,1.00000,262.33024,246.99543,1.00000,198.76922,1.00000,142.67786,100.82996,197.78511,282.82472,1.00000,369.96495,89.81644
200.64719,1.00000,1.00000,253.93815,206.18854,291.70041,96.19216,1.00000,267.50724,303.76305,1.00000,68.38148,1.00000,319.04774,74.58531,116.77481,159.59923,1.00000,252.93825,170.77690
173.02437,1.00000,1.00000,481.83408,112.45909,256.96233,160.08785,1.00000,229.17428,384.01452,1.00000,133.24440,1.00000,377.01846,128.08143,93.20798,196.11280,1.00000,361.78316,89.76555
135.91893,1.00000,1.00000,263.79777,329.36077,329.64760,190.98478,1.00000,240.53897,249.67430,1.00000,131.13675,1.00000,383.29893,165.68894,216.58976,301.96735,1.00000,106.82331,74.07009
160.17659,1.00000,1.00000,264.66785,213.50796,417.90812,114.06016,1.00000,225.97415,134.75260,1.00000,147.49045,1.00000,236.17790,73.12966,202.54155,169.50122,1.00000,323.96642,114.42946
93.48999,1.00000,1.00000,334.52683,208.67271,253.68695,154.14442,1.00000,267.55304,359.41815,1.00000,127.75823,1.00000,221.72361,158.13802,101.80831,206.17618,1.00000,204.91509,58.46925
182.57159,1.00000,1.00000,285.63875,319.61176,390.57930,138.13777,1.00000,265.63268,209.90894,1.00000,129.29061,1.00000,252.92393,75.09066,125.70581,297.58429,1.00000,372.93633,108.35634
209.71943,1.00000,1.00000,357.34060,275.09706,396.96560,180.71557,1.00000,143.48431,219.57037,1.00000,108.11034,1.00000,373.20406,121.54129,149.86130,187.67598,1.00000,282.54329,115.17703
115.59863,1.00000,1.00000,200.14978,259.75759,283.45398,102.33990,1.00000,290.23282,250.34512,1.00000,88.34324,1.00000,174.50552,97.99842,219.68819,287.43424,1.00000,208.33913,145.67920
142.94750,1.00000,1.00000,361.52938,252.33483,247.40939,144.72327,1.00000,326.07174,281.27143,1.00000,96.95109,1.00000,225.21723,122.45588,190.57335,211.40658,1.00000,371.52527,93.42652
130.73907,1.00000,1.00000,188.50766,112.22446,179.60470,101.78646,1.00000,194.30885,269.95083,1.00000,135.06598,1.00000,221.93214,121.55472,155.62201,224.20759,1.00000,374.72323,83.64570
200.85200,1.00000,1.00000,270.33226,411.05239,202.40042,88.22851,1.00000,252.10054,373.95440,1.00000,149.73125,1.00000,258.08786,130.55251,226.20568,173.23747,1.00000,270.12202,178.68234
164.06338,1.00000,1.00000,299.44617,437.27336,212.41248,150.42029,1.00000,223.32684,258.47227,1.00000,102.08430,1.00000,345.34045,64.42526,187.32907,165.12451,1.00000,227.92865,48.31449
48.38058,1.00000,1.00000,237.61405,297.24288,200.37610,168.49365,1.00000,169.84007,204.07181,1.00000,137.09235,1.00000,366.73053,45.81331,205.84250,184.93256,1.00000,219.62630,131.58944
102.92902,1.00000,1.00000,150.83681,307.10891,290.19552,133.99014,1.00000,172.18054,156.72545,1.00000,153.70082,1.00000,374.27037,157.38470,203.34011,175.57886,1.00000,371.15485,103.18136
109.04731,1.00000,1.00000,263.75786,179.88681,263.10063,134.42964,1.00000,129.86324,250.61909,1.00000,81.72353,1.00000,319.74803,163.80122,300.55276,209.81548,1.00000,297.75429,165.42148
132.55427,1.00000,1.00000,228.52879,222.80491,341.87233,116.10405,1.00000,241.09805,191.65962,1.00000,142.41749,1.00000,262.29615,89.24085,313.60103,205.13571,1.00000,290.66900,94.70055
157.99395,1.00000,1.00000,200.36325,218.60726,219.18234,80.40405,1.00000,200.94073,298.15507,1.00000,82.81566,1.00000,289.45906,85.36151,216.68796,378.54342,1.00000,239.55950,41.85294
225.07452,1.00000,1.00000,233.90739,346.21156,223.46204,217.30117,1.00000,232.13938,283.87353,1.00000,84.04887,1.00000,252.17629,68.18348,236.42547,146.59823,1.00000,170.25305,86.46264
186.18687,1.00000,1.00000,266.59531,347.72316,401.79108,157.55197,1.00000,68.29964,232.11499,1.00000,152.80761,1.00000,227.41001,102.41597,160.54029,267.44484,1.00000,291.58760,112.79733
77.14359,1.00000,1.00000,218.99656,171.42337,226.00472,144.91218,1.00000,202.08596,242.67679,1.00000,130.35387,1.00000,297.69973,64.61135,222.46809,125.52927,1.00000,133.67076,105.82379
148.59369,1.00000,1.00000,321.81352,278.63938,149.20457,147.86380,1.00000,69.54469,460.10517,1.00000,110.09067,1.00000,254.63394,166.09044,190.98939,163.47556,1.00000,285.71385,168.45022
116.25345,1.00000,1.00000,328.66482,190.81666,140.44664,161.27904,1.00000,242.63009,302.42995,1.00000,117.20201,1.00000,368.34128,144.34923,166.46964,380.59206,1.00000,224.92762,138.53278
204.16637,1.00000,1.00000,363.77300,389.17729,199.44380,154.48225,1.00000,155.32980,371.07605,1.00000,142.74549,1.00000,198.09095,141.53634,290.55187,316.23550,1.00000,355.35061,133.33040
177.78102,1.00000,1.00000,262.76522,281.01308,97.65683,99.72367,1.00000,119.76542,235.62575,1.00000,115.53955,1.00000,374.15863,107.72457,275.66836,274.54742,1.00000,316.03701,159.08061
67.96795,1.00000,1.00000,277.20499,280.21424,306.19391,162.86230,1.00000,150.97458,145.37064,1.00000,136.74851,1.00000,389.45107,118.40414,105.89649,230.04814,1.00000,209.32809,128.63595
194.71603,1.00000,1.00000,373.09621,247.81800,282.97305,92.98387,1.00000,155.73105,178.18659,1.00000,186.20989,1.00000,282.73944,125.52787,112.68267,153.10271,1.00000,210.98343,138.45945
64.61481,1.00000,1.00000,356.95714,236.48380,373.86679,137.32245,1.00000,189.69901,213.61891,1.00000,143.99485,1.00000,253.71173,82.06222,159.72577,233.20701,1.00000,315.43859,93.50379
209.02879,1.00000,1.00000,289.84426,217.07746,368.68546,157.25570,1.00000,105.68566,349.97862,1.00000,84.54860,1.00000,261.12583,154.17040,126.08695,255.25284,1.00000,195.12298,102.87594
180.03142,1.00000,1.00000,378.23004,332.31885,349.89396,78.55956,1.00000,98.61016,324.44197,1.00000,117.18068,1.00000,136.40331,121.80136,231.36038,73.31962,1.00000,225.69536,138.56536
179.37218,1.00000,1.00000,363.43920,227.54108,337.32057,174.86037,1.00000,194.72739,232.83610,1.00000,103.32650,1.00000,246.51675,30.70813,261.25573,198.15082,1.00000,236.75122,121.68216
27.92024,1.00000,1.00000,186.70712,192.39793,129.25700,89.63443,1.00000,134.89918,353.78063,1.00000,96.03766,1.00000,289.88149,112.59006,241.66335,135.60854,1.00000,277.86567,82.33242
253.24289,1.00000,1.00000,184.05865,234.93764,348.23428,183.51593,1.00000,273.32965,554.23934,1.00000,102.85336,1.00000,160.79301,164.35802,267.81775,191.50859,1.00000,145.27083,125.74390
118.89509,1.00000,1.00000,291.34437,308.97772,228.69124,140.32756,1.00000,320.23467,429.98076,1.00000,136.13502,1.00000,211.76423,81.15224,158.99656,134.91084,1.00000,366.32271,100.33192
133.21062,1.00000,1.00000,463.10960,161.86258,258.24341,137.64423,1.00000,73.25711,159.48603,1.00000,77.07743,1.00000,284.43494,106.13464,238.38370,267.18333,1.00000,329.77999,115.30536
165.06569,1.00000,1.00000,260.54650,212.92668,256.91072,175.92107,1.00000,200.06834,103.09103,1.00000,92.96215,1.00000,248.88041,111.95690,140.17922,274.01752,1.00000,187.22187,36.74614
34.85260,1.00000,1.00000,325.87551,276.53628,289.61064,121.46134,1.00000,209.96067,233.24481,1.00000,114.33454,1.00000,329.95556,76.74646,226.08376,307.40431,1.00000,229.41079,79.40853
164.68234,1.00000,1.00000,312.73338,255.49011,239.90498,147.32435,1.00000,141.86997,219.39279,1.00000,131.45524,1.00000,296.94952,153.17646,187.28075,205.49059,1.00000,236.58656,70.85251
188.98334,1.00000,1.00000,288.22656,294.79449,261.47118,174.75980,1.00000,260.31648,257.49638,1.00000,59.20264,1.00000,286.61229,110.98035,191.00469,171.57565,1.00000,334.02498,103.84672
196.09486,1.00000,1.00000,313.32335,278.94741,271.58040,125.72926,1.00000,149.78689,229.84247,1.00000,84.52286,1.00000,264.99983,102.78531,263.70254,247.26034,1.00000,235.61064,105.14706
99.41725,1.00000,1.00000,280.24065,154.34967,390.65194,156.03377,1.00000,191.59155,339.81702,1.00000,105.00736,1.00000,220.92378,105.60471,208.94889,216.61206,1.00000,166.08156,86.73154
113.84120,1.00000,1.00000,67.12350,159.96647,148.39116,146.15338,1.00000,162.89065,308.47643,1.00000,56.65884,1.00000,257.00402,127.33087,205.98011,285.59997,1.00000,200.00679,100.99755
154.95340,1.00000,1.00000,372.26982,193.00886,350.05340,144.70355,1.00000,230.93179,322.82772,1.00000,100.40031,1.00000,274.65583,86.95461,239.38870,276.72181,1.00000,363.50175,97.58379
107.26615,1.00000,1.00000,282.20911,75.75101,132.72038,106.94111,1.00000,152.66544,269.66833,1.00000,127.17744,1.00000,387.29629,90.62768,147.11617,111.79291,1.00000,287.97373,130.27884
144.71695,1.00000,1.00000,348.26202,414.07490,257.57615,101.51691,1.00000,147.19669,286.71093,1.00000,101.53484,1.00000,220.27553,87.01518,278.52503,203.00507,1.00000,193.18731,140.69929
96.33161,1.00000,1.00000,204.22524,179.81450,171.28295,109.88180,1.00000,245.79067,313.75030,1.00000,125.38867,1.00000,442.43586,115.18759,196.35199,188.22469,1.00000,323.73097,55.61186
207.86221,1.00000,1.00000,291.91352,237.41449,324.10124,157.26279,1.00000,128.03174,183.58328,1.00000,99.83998,1.00000,347.69245,104.59000,229.65015,244.54185,1.00000,185.63089,62.82746
77.44129,1.00000,1.00000,300.02370,267.54047,248.72424,144.75909,1.00000,141.74875,325.06962,1.00000,76.23621,1.00000,370.27130,117.82062,87.06208,251.67756,1.00000,262.16531,102.51807
98.97772,1.00000,1.00000,323.20303,229.08108,175.91205,147.67772,1.00000,255.03715,218.64283,1.00000,135.63662,1.00000,328.83147,66.09710,250.39714,187.74706,1.00000,210.29403,102.34899
104.98756,1.00000,1.00000,255.31595,357.15705,409.15509,102.70866,1.00000,237.80882,135.99923,1.00000,137.23761,1.00000,238.89945,125.38256,201.18374,341.22848,1.00000,324.60929,54.21693
161.86686,1.00000,1.00000,309.14230,373.84431,117.47184,117.53523,1.00000,283.91813,359.16791,1.00000,183.61502,1.00000,316.13992,98.50973,142.10009,212.84009,1.00000,273.40010,98.37139
52.30297,1.00000,1.00000,269.38655,195.56161,230.56769,132.08793,1.00000,101.82099,246.01644,1.00000,145.39603,1.00000,205.74059,120.05138,283.31614,260.98634,1.00000,332.55425,111.56821
160.94023,1.00000,1.00000,357.68480,243.21588,183.46781,214.04816,1.00000,260.76922,208.68751,1.00000,65.28905,1.00000,215.51388,54.63029,179.12390,322.55113,1.00000,212.37925,73.03347
147.92833,1.00000,1.00000,185.34358,431.95844,392.10923,278.59329,1.00000,214.85723,426.00621,1.00000,82.24799,1.00000,249.60560,82.13804,192.70872,214.84494,1.00000,310.25837,30.21647
157.47217,1.00000,1.00000,302.66056,302.76978,194.13666,184.53856,1.00000,137.09649,238.99202,1.00000,135.82911,1.00000,332.59398,144.92548,319.17813,226.69942,1.00000,294.50310,44.34534
171.81565,1.00000,1.00000,352.77231,177.28947,233.00846,170.68761,1.00000,156.87819,242.71561,1.00000,194.47289,1.00000,331.50719,124.04947,48.47312,269.44352,1.00000,205.55636,81.74089
180.14080,1.00000,1.00000,275.64600,248.29518,340.03906,200.25557,1.00000,149.05862,183.97271,1.00000,96.86486,1.00000,221.67486,101.48552,287.38285,175.00335,1.00000,169.62042,112.39257
141.29125,1.00000,1.00000,275.64986,380.17439,201.58334,120.45382,1.00000,109.76464,213.92312,1.00000,164.93060,1.00000,126.53444,69.18486,275.31383,250.34978,1.00000,223.83926,103.32643
120.56899,1.00000,1.00000,322.47540,277.60049,286.36630,190.66765,1.00000,280.90241,353.63458,1.00000,93.60462,1.00000,213.90162,140.88013,237.34741,206.55220,1.00000,306.28032,150.13766
181.85189,1.00000,1.00000,391.13288,252.09251,320.08140,139.68115,1.00000,315.13676,348.10591,1.00000,119.57658,1.00000,279.52407,110.45341,99.69765,256.30943,1.00000,165.50326,118.72052
88.68252,1.00000,1.00000,237.28485,164.19461,184.14461,129.15979,1.00000,174.54220,242.22134,1.00000,146.22453,1.00000,174.66061,97.98438,221.96972,194.74053,1.00000,245.56970,99.01390
105.86119,1.00000,1.00000,207.96227,219.27065,174.43064,137.61922,1.00000,43.63467,289.68742,1.00000,70.05961,1.00000,217.19334,143.60787,181.57622,222.81872,1.00000,222.07246,115.38594
149.76135,1.00000,1.00000,455.16092,252.89796,326.08325,172.61833,1.00000,121.80672,434.77136,1.00000,140.13481,1.00000,320.74544,75.97432,250.46182,195.09303,1.00000,237.60975,97.10435
125.23321,1.00000,1.00000,209.04431,276.63819,252.67411,87.32265,1.00000,173.43612,225.90708,1.00000,140.60102,1.00000,292.12005,23.42659,237.21274,281.48222,1.00000,244.20727,89.41548
124.38420,1.00000,1.00000,296.12821,278.21262,208.81305,137.66419,1.00000,246.49516,251.72848,1.00000,111.44324,1.00000,271.82659,86.47331,272.94418,217.33841,1.00000,370.32681,78.40041
194.80667,1.00000,1.00000,295.32402,106.69751,301.28138,159.84754,1.00000,86.99279,252.07163,1.00000,80.57566,1.00000,168.81654,132.76289,128.37155,167.74825,1.00000,381.33284,132.91774
135.02243,1.00000,1.00000,263.62376,266.65559,486.99385,139.37650,1.00000,180.69623,323.02587,1.00000,115.25970,1.00000,281.73839,177.39053,264.48465,247.52997,1.00000,202.81931,108.11805
143.69466,1.00000,1.00000,259.44076,289.79200,268.61122,78.77460,1.00000,187.51621,173.15956,1.00000,87.15331,1.00000,258.15641,91.33097,114.50735,200.93045,1.00000,218.83110,1.00000
130.35345,1.00000,1.00000,287.94109,360.75714,224.98593,144.84517,1.00000,271.86886,254.96673,1.00000,71.13701,1.00000,233.98424,159.18516,267.96000,173.16927,1.00000,322.51287,132.74065
175.35997,1.00000,1.00000,258.20050,267.40442,51.81700,128.56238,1.00000,111.91877,417.73876,1.00000,111.38106,1.00000,206.05259,159.69838,208.42354,270.61899,1.00000,236.07464,117.85554
274.83070,1.00000,1.00000,151.03431,122.09609,303.06119,112.35276,1.00000,164.12761,350.69628,1.00000,95.84026,1.00000,336.11920,183.97687,151.43383,183.27973,1.00000,178.15904,59.69656
259.80956,1.00000,1.00000,322.95190,344.52656,291.61783,219.79563,1.00000,269.74264,204.78820,1.00000,97.24049,1.00000,322.97689,138.47379,140.75798,232.27144,1.00000,265.82552,131.66364
143.48881,1.00000,1.00000,359.67215,258.48462,313.70148,182.44614,1.00000,186.37949,437.22980,1.00000,127.34045,1.00000,310.40671,98.49328,189.27598,214.61552,1.00000,306.39215,88.16088
144.92257,1.00000,1.00000,283.03700,324.06099,369.86606,216.36986,1.00000,232.95915,323.44068,1.00000,125.11425,1.00000,269.33670,122.34876,204.52001,264.51991,1.00000,172.47675,133.00221
81.35536,1.00000,1.00000,277.12780,353.38129,388.81880,135.48111,1.00000,116.12557,339.58395,1.00000,146.72410,1.00000,179.20063,73.65060,290.87183,286.96922,1.00000,310.21698,72.23903
156.50038,1.00000,1.00000,259.26531,288.94483,213.77193,143.73775,1.00000,232.17845,341.50867,1.00000,122.14249,1.00000,305.26366,152.45338,330.31207,205.60886,1.00000,232.10581,105.35510
128.91591,1.00000,1.00000,428.68546,291.47156,118.89285,184.57525,1.00000,217.62381,200.76272,1.00000,134.56329,1.00000,338.49773,110.67067,114.77087,303.64648,1.00000,295.61024,81.32963
139.01494,1.00000,1.00000,303.67422,131.68510,233.79424,123.07530,1.00000,171.42365,293.74735,1.00000,84.45259,1.00000,186.37311,170.47254,259.64730,1.00000,1.00000,292.59828,155.54622
193.76314,1.00000,1.00000,381.59563,178.40869,297.85050,124.86972,1.00000,198.44848,198.59118,1.00000,1.00000,1.00000,288.42413,169.21016,138.04710,277.52156,1.00000,120.17030,87.67611
182.27392,1.00000,1.00000,314.10198,381.39448,313.69467,194.05766,1.00000,192.01593,386.70135,1.00000,97.43840,1.00000,236.91359,155.32506,272.41439,311.33073,1.00000,237.61768,118.02175
125.62237,1.00000,1.00000,203.15830,312.11107,386.58123,129.59510,1.00000,98.06838,262.74603,1.00000,95.09407,1.00000,271.81692,73.39484,225.01552,315.42517,1.00000,363.82842,99.22631
149.28568,1.00000,1.00000,223.05942,192.31668,300.12565,133.06078,1.00000,216.19016,314.46095,1.00000,159.76121,1.00000,191.91139,102.98570,111.50493,292.61987,1.00000,261.06687,158.09912
186.04638,1.00000,1.00000,233.16873,152.05831,409.29786,192.02990,1.00000,151.23676,238.25370,1.00000,82.69141,1.00000,337.98143,94.52863,202.86542,232.71290,1.00000,414.97970,119.38959
164.22259,1.00000,1.00000,282.01365,229.38458,286.84040,145.75759,1.00000,177.13860,171.30654,1.00000,140.02670,1.00000,328.99475,102.02628,198.92868,224.08264,1.00000,211.94174,148.32966
196.55897,1.00000,1.00000,301.20506,156.58817,372.44126,166.18627,1.00000,136.24754,421.40136,1.00000,135.49141,1.00000,275.79017,148.69105,303.13464,114.41909,1.00000,318.84718,107.07050
168.96782,1.00000,1.00000,289.84295,221.45685,302.66510,168.55872,1.00000,174.87456,240.44992,1.00000,126.62862,1.00000,270.97587,98.07364,225.92078,277.85476,1.00000,190.97473,144.57265
79.20090,1.00000,1.00000,242.50275,281.50365,332.89300,84.91203,1.00000,232.25194,117.00045,1.00000,120.85948,1.00000,202.12338,76.73458,178.46403,110.47602,1.00000,129.35748,154.57475
150.76776,1.00000,1.00000,183.45686,232.88397,330.26592,152.44540,1.00000,230.82870,130.22648,1.00000,108.91532,1.00000,364.19906,105.19049,292.99643,216.31707,1.00000,319.38628,103.56183
145.13404,1.00000,1.00000,238.33190,239.93544,189.60420,152.90115,1.00000,134.73389,304.29926,1.00000,143.74547,1.00000,314.14433,129.80004,129.01041,304.71153,1.00000,233.38681,89.89546
171.87292,1.00000,1.00000,339.79687,391.69396,253.84842,190.39595,1.00000,295.95470,287.87509,1.00000,112.69171,1.00000,222.66073,101.91155,136.90767,250.00408,1.00000,254.70301,191.60946
157.12941,1.00000,1.00000,90.38885,285.27238,261.93024,122.47961,1.00000,197.98277,246.89531,1.00000,120.39830,1.00000,225.89224,86.30128,282.51559,343.88573,1.00000,236.49763,112.08264
83.57244,1.00000,1.00000,220.14753,228.58756,263.96112,172.59052,1.00000,132.57500,444.13761,1.00000,116.89908,1.00000,201.17194,164.48688,274.26745,182.50767,1.00000,199.62258,169.03408
154.67227,1.00000,1.00000,240.54624,168.51220,295.28258,140.57035,1.00000,119.69001,204.80222,1.00000,112.63851,1.00000,317.26668,77.00761,271.28531,233.98900,1.00000,255.66734,105.43478
175.49687,1.00000,1.00000,230.01535,244.62167,197.14385,243.74445,1.00000,142.94073,317.67132,1.00000,97.30634,1.00000,180.69562,120.87433,193.44597,294.45696,1.00000,205.60891,147.22056
154.24456,1.00000,1.00000,198.12105,277.49721,233.00012,145.85414,1.00000,167.88885,236.56662,1.00000,65.78011,1.00000,277.43706,147.25022,104.00739,57.39234,1.00000,246.29063,116.77972
236.38634,1.00000,1.00000,363.84494,318.21554,292.92044,152.61858,1.00000,104.25511,293.99039,1.00000,171.92808,1.00000,222.33170,136.61440,161.82631,211.50220,1.00000,134.15391,75.03319
130.88655,1.00000,1.00000,298.13685,200.07416,322.67712,184.77036,1.00000,163.51697,192.98751,1.00000,78.63518,1.00000,313.62675,96.03211,149.28775,212.63964,1.00000,259.04435,124.22283
126.35467,1.00000,1.00000,218.59582,198.20367,338.77191,127.13368,1.00000,99.15866,128.60937,1.00000,117.41616,1.00000,341.87733,78.37421,129.04101,212.20501,1.00000,320.61701,177.13465
179.60542,1.00000,1.00000,242.74190,158.63668,363.53191,178.42953,1.00000,189.24570,330.58011,1.00000,134.11082,1.00000,208.57849,135.84596,212.14966,222.99414,1.00000,406.66373,157.95012
206.49676,1.00000,1.00000,423.67574,217.84791,276.79746,155.63816,1.00000,136.93155,229.66603,1.00000,108.62267,1.00000,254.94944,95.01504,144.84912,229.67397,1.00000,383.00231,163.41319
108.09807,1.00000,1.00000,327.55534,206.59536,242.21874,163.59231,1.00000,140.40377,205.45408,1.00000,94.23947,1.00000,318.16870,80.54619,155.81928,285.46295,1.00000,188.77987,84.04986
182.44671,1.00000,1.00000,359.45083,436.91689,218.16119,168.07928,1.00000,254.44379,307.22638,1.00000,131.05415,1.00000,170.78241,125.08643,144.61139,181.06280,1.00000,305.35217,133.46982
158.05944,1.00000,1.00000,371.22446,243.08555,181.80494,124.61756,1.00000,284.83421,270.07700,1.00000,65.10364,1.00000,128.30251,161.51975,220.03799,182.64461,1.00000,237.14116,87.74821
88.67808,1.00000,1.00000,180.79292,267.01181,370.98045,197.98089,1.00000,252.47407,344.54772,1.00000,65.84056,1.00000,376.90397,81.22953,165.53595,203.66316,1.00000,169.67792,81.78228
137.03854,1.00000,1.00000,370.37599,325.60177,214.80219,172.46923,1.00000,242.95437,248.38850,1.00000,121.05277,1.00000,295.74773,111.74119,121.77438,142.16905,1.00000,358.42211,110.40633
173.35038,1.00000,1.00000,346.03142,225.89900,245.05048,159.19677,1.00000,173.94541,116.73335,1.00000,143.92163,1.00000,251.05664,92.35219,157.90612,192.63092,1.00000,227.26945,113.62376
126.92574,1.00000,1.00000,266.74790,226.04248,286.59048,148.20778,1.00000,58.01668,229.89532,1.00000,86.18848,1.00000,211.70497,102.47765,251.87985,200.67497,1.00000,274.16372,113.96374
182.87301,1.00000,1.00000,333.90390,173.20779,265.85371,169.50002,1.00000,207.74132,247.76073,1.00000,154.52090,1.00000,168.90050,137.80498,248.69155,181.53597,1.00000,200.34007,138.65078
222.73795,1.00000,1.00000,282.07636,304.19161,209.89380,245.85083,1.00000,182.79414,298.01120,1.00000,114.88419,1.00000,275.44477,54.30671,125.28520,263.85306,1.00000,357.92059,127.30739
173.24741,1.00000,1.00000,282.60754,134.11426,262.05634,193.69060,1.00000,164.59732,225.73967,1.00000,115.98623,1.00000,157.82125,111.32851,124.26739,233.66481,1.00000,421.18976,136.81083
173.53245,1.00000,1.00000,382.15915,229.84861,108.90004,106.16967,1.00000,246.50164,321.46979,1.00000,116.19627,1.00000,208.97542,104.36638,244.08926,201.54429,1.00000,178.69483,143.43254
116.05040,1.00000,1.00000,286.94281,313.19681,345.10193,182.63975,1.00000,206.17128,332.37808,1.00000,85.27042,1.00000,160.69468,151.76265,157.41574,234.06847,1.00000,93.19044,81.49498
162.14733,1.00000,1.00000,215.33233,159.68184,175.30034,150.88350,1.00000,261.71177,215.87532,1.00000,120.97123,1.00000,282.73497,88.24723,183.97918,175.61172,1.00000,136.03508,118.36630
187.43131,1.00000,1.00000,369.16129,387.05118,263.82517,161.50323,1.00000,163.73438,470.26345,1.00000,156.27076,1.00000,178.34610,109.26804,242.42652,278.52651,1.00000,268.36026,66.00590
123.53586,1.00000,1.00000,403.66871,182.08695,229.91285,101.54826,1.00000,115.03646,353.85025,1.00000,127.22525,1.00000,64.29761,208.88312,249.68475,352.49635,1.00000,315.88451,119.27972
138.62362,1.00000,1.00000,206.58468,333.79534,272.49340,71.95148,1.00000,164.16100,345.71495,1.00000,112.39568,1.00000,384.48850,144.67339,141.60050,230.70824,1.00000,376.02530,46.93297
155.10141,1.00000,1.00000,250.74599,233.97450,299.77636,194.58068,1.00000,161.68888,395.61433,1.00000,183.04038,1.00000,417.27388,79.54265,266.05817,258.10019,1.00000,210.05713,56.70400
139.97647,1.00000,1.00000,265.07285,278.92925,314.12168,130.85881,1.00000,221.39554,292.26963,1.00000,80.62405,1.00000,151.59459,133.59264,173.68050,237.88838,1.00000,120.98109,158.40949
129.36998,1.00000,1.00000,213.58361,293.03849,343.74004,141.09634,1.00000,137.92937,333.09072,1.00000,81.66605,1.00000,316.00126,64.06948,228.97310,238.86169,1.00000,259.86559,43.78904
103.83834,1.00000,1.00000,135.35078,236.33259,380.50339,141.93514,1.00000,237.37335,344.36662,1.00000,1.00000,1.00000,342.57481,181.33269,299.10133,186.97027,1.00000,193.78960,122.28770
176.57929,1.00000,1.00000,179.27336,96.72566,280.81045,167.05894,1.00000,206.07346,278.50042,1.00000,56.69052,1.00000,319.72485,116.43939,150.95990,262.94703,1.00000,337.50139,108.25644
165.84714,1.00000,1.00000,224.10921,211.51652,181.26376,140.91754,1.00000,182.29725,114.29683,1.00000,118.80395,1.00000,197.57064,33.83415,259.02405,269.06328,1.00000,355.25217,119.07471
89.97241,1.00000,1.00000,309.92753,225.31930,174.69813,136.17372,1.00000,123.06213,188.17830,1.00000,129.38687,1.00000,134.75615,150.68359,217.95786,227.26126,1.00000,271.98832,67.41625
167.08510,1.00000,1.00000,374.83211,154.03358,237.40709,99.00832,1.00000,147.30293,101.03154,1.00000,104.87761,1.00000,314.03474,173.48615,237.66899,87.37913,1.00000,339.71856,81.57084
176.05851,1.00000,1.00000,303.23703,235.04505,232.03538,73.28800,1.00000,172.48740,188.27180,1.00000,140.81107,1.00000,311.64915,124.93565,217.06195,277.16310,1.00000,365.42056,167.60143
151.03489,1.00000,1.00000,272.94757,175.86387,317.82258,102.27979,1.00000,223.19152,292.32258,1.00000,74.44232,1.00000,388.86407,104.51291,166.55411,194.33813,1.00000,284.44109,147.86106
125.81387,1.00000,1.00000,262.38101,427.75537,200.79703,140.97502,1.00000,212.58037,408.89620,1.00000,130.32863,1.00000,199.10343,75.85777,324.07233,159.27751,1.00000,426.35090,148.92168
149.49470,1.00000,1.00000,396.46793,497.79193,233.23485,146.63181,1.00000,362.63260,201.30411,1.00000,188.53195,1.00000,301.71911,119.81599,211.16501,255.84008,1.00000,355.81013,160.78198
50.16812,1.00000,1.00000,182.24004,328.55168,191.56743,92.48499,1.00000,283.72488,354.70456,1.00000,121.59551,1.00000,169.38266,193.63870,186.42116,245.21189,1.00000,132.22128,137.08014
46.39478,1.00000,1.00000,401.01523,227.78535,170.32256,168.98108,1.00000,216.67399,285.07366,1.00000,91.43787,1.00000,211.42703,67.60530,116.44636,257.04724,1.00000,249.16231,151.82639
217.08168,1.00000,1.00000,208.23279,290.22375,95.66216,162.61779,1.00000,78.15060,229.98716,1.00000,165.58282,1.00000,213.54285,121.14371,125.00936,91.59495,1.00000,142.56739,125.43955
101.73056,1.00000,1.00000,246.07143,250.17210,254.87574,168.92838,1.00000,177.23725,330.90725,1.00000,98.02560,1.00000,181.33693,130.45610,187.89538,193.77528,1.00000,344.79936,128.28054
84.84228,1.00000,1.00000,358.53948,133.55221,234.26505,147.36280,1.00000,208.99703,284.86317,1.00000,75.68610,1.00000,209.88639,163.56672,215.19068,253.54106,1.00000,280.72490,148.12123
87.83848,1.00000,1.00000,305.43115,178.48885,272.68841,171.07269,1.00000,204.42013,184.55143,1.00000,201.06425,1.00000,242.65755,121.30545,111.24936,263.60229,1.00000,216.25332,150.50191
91.18990,1.00000,1.00000,371.18333,237.15350,295.21495,182.81912,1.00000,236.48028,190.46575,1.00000,127.91736,1.00000,307.26857,111.94747,233.91040,269.07839,1.00000,421.31556,141.07854
142.51922,1.00000,1.00000,289.13308,194.25275,253.44564,153.69434,1.00000,176.52104,306.99305,1.00000,81.92394,1.00000,262.50103,69.93065,258.19530,118.77426,1.00000,217.12291,142.92569
150.15681,1.00000,1.00000,242.84655,157.68455,380.15378,127.03395,1.00000,81.43623,239.51554,1.00000,116.93259,1.00000,248.13463,110.79834,199.91052,190.26356,1.00000,302.28637,93.78641
233.55184,1.00000,1.00000,363.79864,235.08329,118.13579,190.43804,1.00000,117.44517,230.70427,1.00000,95.28323,1.00000,214.56341,164.48428,206.84930,290.12298,1.00000,175.48994,124.75115
133.63463,1.00000,1.00000,322.70824,261.83853,300.76720,213.74578,1.00000,181.74284,247.15269,1.00000,149.01786,1.00000,171.83875,109.46348,155.65489,172.91294,1.00000,235.62493,18.39295
132.64186,1.00000,1.00000,270.75563,129.84886,47.09052,199.84043,1.00000,141.40079,251.85156,1.00000,140.92093,1.00000,90.11696,149.88021,207.52050,159.34596,1.00000,265.35239,121.72453
113.42648,1.00000,1.00000,306.90554,359.86432,194.55137,191.88008,1.00000,158.69214,417.06851,1.00000,180.53577,1.00000,301.20631,50.76981,163.38520,214.39566,1.00000,160.13453,110.29549
167.39620,1.00000,1.00000,270.43795,368.70203,289.02029,129.49568,1.00000,126.56251,366.15427,1.00000,130.58850,1.00000,207.33409,76.22987,229.69479,252.25099,1.00000,170.53386,169.65126
172.23460,1.00000,1.00000,319.99395,303.66606,169.95507,57.96782,1.00000,307.34731,360.49337,1.00000,107.32447,1.00000,123.68786,132.28661,211.27336,138.76541,1.00000,350.92747,108.81982
112.46041,1.00000,1.00000,357.14574,244.74229,384.42840,166.31680,1.00000,181.71654,254.94887,1.00000,29.49729,1.00000,96.21230,95.09272,141.40190,56.51897,1.00000,340.43848,108.50616
186.62798,1.00000,1.00000,425.89164,189.26534,225.30222,109.62705,1.00000,162.19941,323.28224,1.00000,17.81620,1.00000,224.18966,116.09776,212.83332,172.71575,1.00000,223.21354,129.29832
120.40631,1.00000,1.00000,135.37864,125.05200,325.52986,202.06525,1.00000,208.12929,399.66754,1.00000,52.92131,1.00000,322.56186,137.20090,233.23316,255.60065,1.00000,246.57057,140.06050
91.54785,1.00000,1.00000,331.22184,212.63011,360.88146,108.55582,1.00000,271.46097,331.32466,1.00000,111.52909,1.00000,267.52608,126.12623,293.70969,216.56464,1.00000,177.08263,122.72418
118.42114,1.00000,1.00000,155.28309,178.75538,431.97398,141.99191,1.00000,193.45158,230.29080,1.00000,75.98660,1.00000,261.18397,90.16775,257.89129,200.26781,1.00000,327.92543,117.51775
98.15913,1.00000,1.00000,240.17111,122.32549,467.28149,123.09173,1.00000,304.11567,151.55870,1.00000,110.47388,1.00000,313.13846,126.39978,241.28705,214.88212,1.00000,200.93506,106.46570
158.23072,1.00000,1.00000,276.78077,325.38803,363.38865,106.74557,1.00000,256.01952,361.76024,1.00000,150.82238,1.00000,322.06277,135.01621,159.51817,163.22065,1.00000,255.06264,100.05226
108.82687,1.00000,1.00000,282.00527,116.08277,314.13214,134.00608,1.00000,129.35878,243.96648,1.00000,58.71707,1.00000,419.95824,99.59606,194.56286,328.05526,1.00000,251.20258,100.88265
112.03355,1.00000,1.00000,308.93732,194.84603,442.36033,159.65189,1.00000,263.60572,161.28429,1.00000,125.11203,1.00000,313.86091,107.66095,168.30880,205.68840,1.00000,209.62431,152.10841
128.63432,1.00000,1.00000,142.90474,266.79311,246.41561,153.84934,1.00000,314.63016,318.65910,1.00000,138.49710,1.00000,260.29421,192.16819,105.64300,247.47866,1.00000,266.93124,107.66473
149.87545,1.00000,1.00000,309.13364,284.60862,360.07072,215.20179,1.00000,148.84440,345.71380,1.00000,122.32249,1.00000,210.00224,151.55748,120.57700,202.49144,1.00000,155.65543,111.30160
104.17146,1.00000,1.00000,191.63448,220.95686,256.34318,182.69873,1.00000,97.23757,447.44054,1.00000,130.45932,1.00000,165.17815,124.96848,195.92760,282.87741,1.00000,209.04681,88.99869
186.09709,1.00000,1.00000,336.20536,271.22907,279.20509,195.02791,1.00000,157.82600,303.41565,1.00000,112.61233,1.00000,106.41412,123.02287,86.89584,173.37589,1.00000,266.01255,117.57000
125.78883,1.00000,1.00000,438.67319,209.29725,202.65526,73.04113,1.00000,198.33313,278.00801,1.00000,127.36553,1.00000,150.14744,161.77381,193.92517,120.70514,1.00000,163.30598,82.35080
154.41847,1.00000,1.00000,261.74704,317.07806,258.21293,133.80848,1.00000,231.95845,403.52667,1.00000,177.47628,1.00000,290.48346,86.65503,111.94909,113.48086,1.00000,132.57253,118.48382
101.28730,1.00000,1.00000,172.86895,239.07325,353.00239,136.48113,1.00000,190.41397,328.06108,1.00000,165.65328,1.00000,266.28684,144.31435,290.41268,253.77211,1.00000,300.04536,79.09527
178.43539,1.00000,1.00000,161.08720,322.89464,309.19253,80.46494,1.00000,137.28963,188.22741,1.00000,167.84705,1.00000,267.22726,165.28771,215.60962,108.76230,1.00000,140.34196,158.74827
192.65577,1.00000,1.00000,240.18078,294.88219,171.78612,196.47350,1.00000,258.62095,290.07033,1.00000,145.65939,1.00000,193.18454,134.35928,184.12599,203.22695,1.00000,280.29729,70.90769
162.01043,1.00000,1.00000,297.45244,207.16256,256.30837,92.47293,1.00000,272.65710,339.21272,1.00000,147.29027,1.00000,357.64849,127.47808,129.77058,240.41680,1.00000,184.81661,94.06147
184.85097,1.00000,1.00000,466.30111,324.23243,329.15002,168.61136,1.00000,319.16732,343.16136,1.00000,128.71862,1.00000,259.70169,129.71484,173.58994,162.86999,1.00000,288.15176,92.23151
135.77523,1.00000,1.00000,216.24748,239.47691,194.08252,128.25522,1.00000,175.44658,292.73889,1.00000,131.50297,1.00000,381.79795,58.46494,300.27603,169.98722,1.00000,237.64829,116.97126
169.00193,1.00000,1.00000,381.11303,328.22887,230.03765,82.08973,1.00000,198.14188,197.15636,1.00000,157.02586,1.00000,190.89511,108.57652,176.00789,207.08546,1.00000,305.18415,120.77171
156.91404,1.00000,1.00000,372.13436,169.31860,239.18423,154.52386,1.00000,77.28752,223.21521,1.00000,184.62335,1.00000,500.33996,139.10326,165.40554,181.38935,1.00000,227.60829,104.61488
178.00303,1.00000,1.00000,360.41656,72.61132,202.83816,141.77647,1.00000,192.11644,462.29107,1.00000,135.03492,1.00000,222.19683,58.03302,299.69917,293.42229,1.00000,330.76159,129.12879
78.62559,1.00000,1.00000,346.22481,237.28089,324.45501,147.80668,1.00000,276.54066,347.13231,1.00000,93.01505,1.00000,467.41437,124.69216,192.60856,326.93287,1.00000,397.59234,128.18411
198.66308,1.00000,1.00000,177.99318,354.81060,353.84366,102.23542,1.00000,259.79881,312.89337,1.00000,58.78928,1.00000,374.62450,105.25984,151.37623,172.77687,1.00000,242.26864,73.29132
112.89135,1.00000,1.00000,284.95250,146.32508,402.78204,111.76961,1.00000,193.21257,301.73841,1.00000,143.84473,1.00000,163.90920,135.04500,168.97492,124.29173,1.00000,249.55083,204.75051
88.36082,1.00000,1.00000,265.53095,269.80890,238.34615,184.32604,1.00000,117.19047,194.09148,1.00000,138.13596,1.00000,238.14799,147.13626,198.30188,220.29186,1.00000,117.53692,91.21588
96.11369,1.00000,1.00000,421.17894,253.31029,230.58336,121.70057,1.00000,137.24486,273.03595,1.00000,77.27401,1.00000,338.04839,104.14808,224.83049,142.99335,1.00000,260.15020,131.31061
128.58677,1.00000,1.00000,279.14799,421.43764,240.92677,157.22120,1.00000,184.55699,427.72563,1.00000,74.86831,1.00000,94.41379,123.57889,252.78595,244.05635,1.00000,214.89885,148.39368
225.18559,1.00000,1.00000,360.83323,211.52470,264.31239,202.10677,1.00000,148.15361,221.36460,1.00000,136.39837,1.00000,91.30174,117.90513,169.07624,197.55891,1.00000,357.44835,142.74823
143.66115,1.00000,1.00000,339.34648,224.41351,162.21892,117.21607,1.00000,210.35370,293.31870,1.00000,124.66105,1.00000,185.16952,172.09477,251.01121,248.23944,1.00000,146.16380,153.68539
185.42168,1.00000,1.00000,268.88788,316.56677,191.78333,119.05097,1.00000,224.37989,200.05894,1.00000,95.21260,1.00000,433.02966,96.21044,181.73479,227.89679,1.00000,257.34497,174.40836
128.43520,1.00000,1.00000,289.80833,328.01142,103.30733,56.52519,1.00000,217.18920,336.03058,1.00000,124.75264,1.00000,179.08910,151.73279,156.51529,221.53869,1.00000,406.69948,133.53802
94.68292,1.00000,1.00000,353.43006,372.73159,278.95197,44.21014,1.00000,228.18874,359.02386,1.00000,119.78959,1.00000,279.96596,136.18791,141.03988,206.56772,1.00000,322.04420,83.78560
136.06365,1.00000,1.00000,351.04140,289.15937,382.35585,121.57209,1.00000,203.92892,397.46852,1.00000,176.86459,1.00000,215.31821,106.07181,164.91841,187.19252,1.00000,338.65151,210.87663
129.43720,1.00000,1.00000,372.10007,341.65751,409.31300,196.90759,1.00000,148.69257,264.13815,1.00000,131.43141,1.00000,160.99980,140.81987,112.36630,314.75478,1.00000,124.91754,126.81916
74.25125,1.00000,1.00000,250.47764,120.86033,92.12846,227.21734,1.00000,196.75667,370.36875,1.00000,138.10651,1.00000,310.87592,155.86368,166.99697,1.00000,1.00000,221.53425,139.46853
180.32212,1.00000,1.00000,270.65726,267.89490,203.92830,163.96035,1.00000,129.19907,220.70787,1.00000,111.67714,1.00000,330.71950,134.46911,211.36627,175.86707,1.00000,190.81542,82.37391
156.99537,1.00000,1.00000,427.40390,242.20158,439.19891,215.88129,1.00000,280.64632,339.03511,1.00000,115.03470,1.00000,191.28578,150.60867,185.65309,240.10167,1.00000,187.55106,75.73806
163.49527,1.00000,1.00000,219.76063,225.57223,202.74982,148.79907,1.00000,285.23666,237.80003,1.00000,98.90966,1.00000,302.57337,115.99993,170.55690,260.97108,1.00000,250.01576,67.56580
51.77534,1.00000,1.00000,334.05881,182.18830,274.38236,225.62494,1.00000,80.66510,223.04600,1.00000,124.13114,1.00000,371.98025,100.83209,262.79364,273.24822,1.00000,267.42199,119.88177
158.50798,1.00000,1.00000,328.09249,334.28786,230.57122,170.27437,1.00000,155.02051,258.73537,1.00000,103.82630,1.00000,317.56880,124.53042,261.43023,126.07658,1.00000,423.60077,91.38714
193.92609,1.00000,1.00000,244.57034,157.89914,235.21845,68.60819,1.00000,225.32500,287.21472,1.00000,166.15080,1.00000,126.19397,166.28585,315.65976,271.20605,1.00000,324.74809,127.51832
143.56674,1.00000,1.00000,213.12716,254.14295,206.47257,74.20953,1.00000,99.26931,345.53980,1.00000,64.09186,1.00000,305.60507,148.15877,253.94212,257.07382,1.00000,240.72934,58.38450
141.94541,1.00000,1.00000,248.87441,222.45647,205.81924,142.57521,1.00000,148.68240,243.58536,1.00000,73.84158,1.00000,274.73116,97.37997,153.70363,276.82101,1.00000,231.27483,102.95366
141.76552,1.00000,1.00000,187.68139,269.33274,446.05316,135.85607,1.00000,126.52982,387.46428,1.00000,102.90197,1.00000,274.96600,125.32186,217.64496,314.48578,1.00000,199.34663,195.32396
103.53207,1.00000,1.00000,443.28148,268.62490,257.15697,74.59465,1.00000,201.91589,255.37833,1.00000,85.21657,1.00000,138.65776,117.53316,245.27853,137.84003,1.00000,325.10372,169.36520
80.75181,1.00000,1.00000,277.67652,237.65803,293.81373,152.93480,1.00000,89.93532,239.91278,1.00000,126.59074,1.00000,317.57270,69.06402,177.65835,196.18029,1.00000,317.41800,92.15946
166.65427,1.00000,1.00000,220.75934,121.74037,309.67433,164.09527,1.00000,131.10264,364.99177,1.00000,60.63141,1.00000,196.89265,132.21838,186.69462,131.27221,1.00000,130.55368,132.65871
165.96373,1.00000,1.00000,224.28049,169.79355,200.56046,151.37946,1.00000,126.51025,368.44210,1.00000,111.46970,1.00000,128.31085,123.06334,283.69347,259.56289,1.00000,321.18505,163.22638
140.54075,1.00000,1.00000,211.80103,277.13022,166.04291,205.27145,1.00000,241.89030,295.51682,1.00000,146.52427,1.00000,270.01043,66.28064,130.25363,214.05898,1.00000,228.71728,130.53163
179.38072,1.00000,1.00000,287.96190,379.39176,283.04979,124.47016,1.00000,284.68039,329.58035,1.00000,112.28412,1.00000,142.53038,95.05599,265.44416,198.90477,1.00000,128.86616,117.35050
155.96724,1.00000,1.00000,222.40227,240.96685,196.10770,97.85663,1.00000,221.03494,212.55505,1.00000,107.64684,1.00000,309.27454,1.00000,208.08986,130.80152,1.00000,295.73892,98.26748
93.83366,1.00000,1.00000,242.31939,240.24136,164.00775,152.16053,1.00000,144.23040,62.68381,1.00000,133.88894,1.00000,322.24741,186.27898,152.04968,169.58523,1.00000,238.72732,109.90858
107.06161,1.00000,1.00000,270.08028,252.84776,141.55816,161.71361,1.00000,225.07004,372.75565,1.00000,140.71123,1.00000,173.74767,96.43932,298.01476,174.94579,1.00000,287.34365,127.35120
202.30534,1.00000,1.00000,278.23223,185.90058,275.51671,124.53800,1.00000,97.69861,209.02188,1.00000,89.53128,1.00000,263.38365,96.62704,264.92734,206.10675,1.00000,267.35383,139.85274
135.94480,1.00000,1.00000,220.19682,71.21604,267.04182,137.96215,1.00000,140.63104,247.33063,1.00000,91.25071,1.00000,126.56964,122.23295,162.49628,302.74187,1.00000,270.79655,113.92301
242.22655,1.00000,1.00000,209.61669,126.29123,426.59877,134.23638,1.00000,176.72101,315.42181,1.00000,124.24320,1.00000,226.10340,90.11562,180.52639,174.92290,1.00000,279.49799,151.78641
157.65366,1.00000,1.00000,286.57808,413.00407,338.52189,157.90032,1.00000,183.52915,235.69972,1.00000,153.85443,1.00000,358.75229,94.66232,290.26001,196.33934,1.00000,218.95631,81.16309
148.12109,1.00000,1.00000,272.81775,264.77350,154.31104,134.05515,1.00000,166.42533,198.25539,1.00000,69.25757,1.00000,201.67430,27.67893,123.10588,226.68154,1.00000,297.37151,127.70220
129.36744,1.00000,1.00000,303.40061,280.74955,343.15778,83.26152,1.00000,148.24833,374.48142,1.00000,92.23396,1.00000,217.52400,161.39415,202.61361,202.91177,1.00000,122.07107,118.14905
138.80265,1.00000,1.00000,282.95946,187.63351,210.87911,88.55114,1.00000,163.51046,364.10783,1.00000,66.95706,1.00000,310.71118,43.04922,164.25036,278.81127,1.00000,277.39123,117.74623
147.88038,1.00000,1.00000,303.36556,218.30536,225.03499,198.79161,1.00000,280.83850,228.60692,1.00000,127.27533,1.00000,240.46457,45.48415,184.07555,318.46566,1.00000,195.11746,105.74545
119.83828,1.00000,1.00000,255.90353,133.10963,219.67937,203.36814,1.00000,236.22475,304.73391,1.00000,95.69891,1.00000,257.95411,107.60317,244.64039,216.68625,1.00000,368.26112,109.27138
167.46416,1.00000,1.00000,344.54921,209.91483,335.61704,119.78607,1.00000,258.03523,316.77769,1.00000,105.23117,1.00000,215.87303,130.20706,183.56605,89.53787,1.00000,323.31195,117.77638
112.46575,1.00000,1.00000,327.03534,323.79666,224.49948,83.57539,1.00000,240.04572,215.85516,1.00000,69.54680,1.00000,165.17356,119.17064,222.93884,198.35993,1.00000,228.91805,145.74263
69.07026,1.00000,1.00000,315.48623,203.46437,351.21411,127.71655,1.00000,178.13539,295.78156,1.00000,131.63288,1.00000,247.62248,70.71629,194.07294,52.06680,1.00000,269.25248,91.66263
110.97769,1.00000,1.00000,318.14577,97.40663,341.29699,104.56828,1.00000,205.49515,383.98496,1.00000,51.94808,1.00000,356.75130,102.28637,226.47438,323.81906,1.00000,234.68140,53.76293
189.86344,1.00000,1.00000,281.36153,371.29867,313.30224,110.04895,1.00000,274.01790,115.76587,1.00000,131.03629,1.00000,353.46951,98.46869,142.45268,319.87985,1.00000,237.32050,139.19264
150.33476,1.00000,1.00000,312.32953,205.48105,212.88182,120.40434,1.00000,223.26476,204.26413,1.00000,100.10063,1.00000,173.33717,92.44633,174.63533,146.92011,1.00000,311.82702,97.26090
231.42979,1.00000,1.00000,318.46976,314.78470,326.54393,155.76239,1.00000,130.81659,182.13447,1.00000,88.78965,1.00000,366.70615,164.22523,265.23466,129.03949,1.00000,212.90913,105.34651
121.79046,1.00000,1.00000,258.44697,258.28588,368.37366,198.01971,1.00000,168.41222,231.25607,1.00000,62.71656,1.00000,282.77215,105.57507,65.28736,202.79250,1.00000,443.78918,81.82164
213.71173,1.00000,1.00000,192.65219,225.42545,322.91444,118.49853,1.00000,237.33708,155.20360,1.00000,102.21265,1.00000,82.77444,115.87786,177.64545,264.14493,1.00000,308.91821,125.57343
143.20453,1.00000,1.00000,248.57249,125.89882,288.41338,154.40905,1.00000,171.55558,192.52797,1.00000,67.18870,1.00000,163.22095,145.92342,270.75183,250.12106,1.00000,265.96087,102.83878
139.94882,1.00000,1.00000,392.48100,229.51424,193.04038,136.10667,1.00000,242.05639,362.16861,1.00000,117.39653,1.00000,212.64386,104.48124,196.38603,176.86692,1.00000,273.47909,130.73376
151.99174,1.00000,1.00000,125.81138,216.36633,297.12388,155.17284,1.00000,64.85061,315.07662,1.00000,99.99937,1.00000,162.05908,70.80529,123.12044,158.40292,1.00000,347.04614,80.81228
101.60852,1.00000,1.00000,243.75114,362.30554,266.91806,149.57725,1.00000,264.73972,194.74286,1.00000,114.25366,1.00000,211.09260,141.82997,80.43881,134.85583,1.00000,417.04476,181.58039
171.04827,1.00000,1.00000,243.78664,260.76846,268.29220,77.85136,1.00000,209.72450,370.52663,1.00000,123.53440,1.00000,174.56332,96.15857,126.05196,206.22606,1.00000,247.34564,120.83829
257.06225,1.00000,1.00000,323.44686,308.24700,344.07945,186.26109,1.00000,159.79146,148.78747,1.00000,102.42117,1.00000,270.45819,177.42965,217.80433,221.48479,1.00000,342.45925,171.85977
209.79866,1.00000,1.00000,240.98885,225.10661,311.53973,189.51149,1.00000,134.27335,269.85861,1.00000,151.87695,1.00000,297.05765,141.93105,58.60108,241.44304,1.00000,264.86746,72.05049
120.28982,1.00000,1.00000,251.78611,173.79056,342.14087,172.96991,1.00000,271.53082,421.63167,1.00000,105.74980,1.00000,209.36711,124.96674,235.27646,309.84286,1.00000,338.51054,85.63985
107.59567,1.00000,1.00000,198.42270,150.87352,279.60793,104.39654,1.00000,203.15960,192.31923,1.00000,64.62009,1.00000,298.13694,90.53231,166.25080,197.01893,1.00000,317.71346,86.12632
129.19941,1.00000,1.00000,266.93499,133.20118,364.98095,103.39581,1.00000,161.54393,253.30826,1.00000,195.07331,1.00000,172.33128,118.64457,251.01222,202.88250,1.00000,32.53000,119.57107
146.52966,1.00000,1.00000,287.77382,380.47659,342.83886,226.52566,1.00000,130.66327,266.74406,1.00000,114.30518,1.00000,256.59461,135.08954,84.75110,270.98363,1.00000,328.35653,95.72732
208.16656,1.00000,1.00000,50.72159,186.71600,258.07732,171.23807,1.00000,287.56823,325.60316,1.00000,120.22938,1.00000,231.46894,130.68881,107.87979,203.24275,1.00000,223.45085,77.79521
42.45852,1.00000,1.00000,204.29497,324.05020,233.25437,121.11848,1.00000,302.96718,382.91468,1.00000,103.22170,1.00000,226.00634,113.80235,158.67376,166.72643,1.00000,286.45996,93.70595
169.46964,1.00000,1.00000,215.55822,167.96826,350.06422,105.12047,1.00000,215.64836,209.47133,1.00000,126.11935,1.00000,140.41067,90.18163,185.99767,208.23496,1.00000,293.24669,151.54393
134.71618,1.00000,1.00000,375.57321,167.75142,228.30850,115.82273,1.00000,84.25410,271.67108,1.00000,107.43609,1.00000,267.44973,141.97134,160.96185,177.11861,1.00000,250.55483,69.28596
175.93165,1.00000,1.00000,195.13434,256.26737,370.50924,161.20464,1.00000,96.45289,324.41498,1.00000,125.97243,1.00000,186.58969,172.00111,206.47603,201.44429,1.00000,69.74250,115.16343
120.77292,1.00000,1.00000,225.50278,264.71866,312.49681,189.85249,1.00000,205.50537,80.24909,1.00000,138.79587,1.00000,169.98034,123.26778,246.38220,111.41790,1.00000,286.17373,116.64003
125.85750,1.00000,1.00000,225.01188,205.10664,105.77713,96.13225,1.00000,286.07710,403.40861,1.00000,120.24439,1.00000,272.69437,112.96924,250.70101,175.04585,1.00000,170.69874,138.74016
223.39005,1.00000,1.00000,160.36336,285.63320,350.06970,175.70706,1.00000,207.49735,264.49465,1.00000,84.99390,1.00000,354.54261,104.61136,281.13430,113.08415,1.00000,259.29032,143.53390
142.16102,1.00000,1.00000,275.41496,393.26627,419.84832,86.49984,1.00000,229.96449,60.96428,1.00000,118.36864,1.00000,175.76390,121.12820,231.37760,117.28554,1.00000,109.97416,187.05480
172.92084,1.00000,1.00000,386.74720,220.63737,311.23353,241.87797,1.00000,293.96109,220.48484,1.00000,93.01189,1.00000,188.22207,121.01290,275.30770,168.24228,1.00000,230.25327,107.76004
195.55003,1.00000,1.00000,226.17125,216.19651,285.92246,153.97142,1.00000,286.02230,226.95950,1.00000,121.08253,1.00000,317.23581,127.68447,191.65710,121.75339,1.00000,171.23277,96.08030
69.95365,1.00000,1.00000,148.57876,314.32984,404.74227,94.61918,1.00000,240.13599,299.27142,1.00000,86.71087,1.00000,235.43416,133.56218,85.73062,245.00649,1.00000,306.32097,68.43898
92.31716,1.00000,1.00000,343.09054,185.63861,223.73490,138.11486,1.00000,198.19518,380.10346,1.00000,93.50292,1.00000,357.97186,141.52283,209.87026,213.17140,1.00000,247.19994,141.02170
134.31382,1.00000,1.00000,314.20925,339.92650,150.60901,222.43709,1.00000,237.40270,196.06013,1.00000,147.22462,1.00000,374.65723,144.64186,138.76657,194.08182,1.00000,232.91307,73.40463
135.16745,1.00000,1.00000,326.41418,167.15319,176.77665,161.19204,1.00000,158.41703,233.48844,1.00000,161.95669,1.00000,212.20910,128.80173,235.93755,240.01354,1.00000,196.18517,133.75896
87.92665,1.00000,1.00000,425.48710,244.61121,129.40177,164.74736,1.00000,191.90212,329.40532,1.00000,128.80486,1.00000,354.69769,97.27618,157.60239,208.52324,1.00000,287.77600,122.42266
72.70678,1.00000,1.00000,301.52705,224.81551,192.35338,159.41423,1.00000,184.16697,241.18994,1.00000,107.09715,1.00000,254.89052,151.48429,273.06681,190.02362,1.00000,336.41718,123.36883
199.49530,1.00000,1.00000,326.31031,157.26390,134.70559,129.12431,1.00000,208.28085,378.88209,1.00000,122.51626,1.00000,258.10291,89.91135,247.12404,186.00557,1.00000,389.17351,161.96326
84.17157,1.00000,1.00000,210.75059,151.34033,334.41826,117.47301,1.00000,182.77015,271.64730,1.00000,136.88644,1.00000,366.45492,104.40476,193.42124,172.60644,1.00000,235.11170,164.33131
157.24853,1.00000,1.00000,253.96357,152.46511,281.77976,101.69729,1.00000,183.66306,330.24427,1.00000,104.17847,1.00000,316.10076,142.31486,173.77115,117.05922,1.00000,259.29152,123.15535
128.01026,1.00000,1.00000,341.81102,163.10513,285.36966,154.16464,1.00000,198.28897,301.93315,1.00000,109.03964,1.00000,376.70780,41.99441,154.64866,207.19989,1.00000,226.61122,123.77328
184.63672,1.00000,1.00000,222.75076,334.48832,265.88800,267.35258,1.00000,175.06752,359.66495,1.00000,110.67728,1.00000,276.39084,125.89348,187.25998,230.52925,1.00000,298.38794,142.22253
183.01625,1.00000,1.00000,189.01008,228.99677,178.62587,152.38316,1.00000,277.84369,284.55056,1.00000,129.57966,1.00000,349.35072,124.30551,244.91420,266.98295,1.00000,230.94177,229.12028
181.70246,1.00000,1.00000,258.43573,133.24980,345.04716,162.21723,1.00000,268.55673,369.53921,1.00000,123.87991,1.00000,292.00769,177.07003,191.97641,264.39755,1.00000,214.71662,100.37094
107.12461,1.00000,1.00000,196.46634,234.53126,411.36007,190.98586,1.00000,221.80834,93.27709,1.00000,127.22366,1.00000,114.33573,78.83240,231.50804,307.83305,1.00000,375.48452,50.66669
176.87480,1.00000,1.00000,224.97396,334.80270,244.12392,255.18374,1.00000,232.06400,359.55727,1.00000,129.68418,1.00000,249.11439,117.65246,206.92252,140.58886,1.00000,343.63976,92.59395
167.37858,1.00000,1.00000,240.96112,246.59581,231.36431,83.16639,1.00000,170.23192,290.74114,1.00000,80.89859,1.00000,143.91285,143.77050,244.54643,90.61075,1.00000,159.84597,159.51046
131.76003,1.00000,1.00000,272.30385,270.36073,165.05435,108.41549,1.00000,219.44395,306.23548,1.00000,116.49239,1.00000,330.36673,144.45011,179.54763,317.66658,1.00000,297.63905,125.06074
143.75629,1.00000,1.00000,206.82333,239.83314,332.37708,139.16100,1.00000,205.26344,178.47720,1.00000,71.11222,1.00000,342.39592,110.89642,224.57337,194.40002,1.00000,210.64776,115.25104
177.62320,1.00000,1.00000,389.25744,292.14042,269.09641,227.25515,1.00000,168.62669,255.13705,1.00000,69.08002,1.00000,138.37870,114.90155,222.00995,257.19796,1.00000,356.40582,81.41029
79.64306,1.00000,1.00000,189.37549,202.89450,379.00957,150.83254,1.00000,215.02760,193.61217,1.00000,66.86429,1.00000,259.64061,80.83310,115.50769,114.12903,1.00000,355.62776,143.55764
150.18359,1.00000,1.00000,432.34373,274.97366,196.08944,132.12881,1.00000,210.60974,242.80474,1.00000,114.16296,1.00000,174.93085,102.86233,280.86818,228.09753,1.00000,333.59982,109.66863
143.50992,1.00000,1.00000,198.78265,261.08837,278.82203,89.46723,1.00000,113.45709,244.77352,1.00000,77.87605,1.00000,292.58623,122.89655,191.19489,169.11232,1.00000,341.83606,114.55493
146.85157,1.00000,1.00000,181.16047,131.08719,357.52745,195.81445,1.00000,190.38822,436.12571,1.00000,138.76866,1.00000,145.70574,146.51056,180.04035,263.26963,1.00000,202.31426,77.47052
109.39026,1.00000,1.00000,318.31076,93.40713,117.06364,79.00387,1.00000,233.28373,209.65892,1.00000,134.91609,1.00000,324.75490,84.90214,166.74634,273.64163,1.00000,190.85638,76.36785
143.25757,1.00000,1.00000,246.56382,155.95381,252.04493,106.54383,1.00000,183.62938,280.57060,1.00000,142.12336,1.00000,280.76591,104.95078,256.43498,249.87047,1.00000,225.60742,95.08464
36.81532,1.00000,1.00000,272.80320,335.12782,181.81313,138.12931,1.00000,141.91274,297.79099,1.00000,117.49847,1.00000,201.58648,104.29620,119.48564,205.01252,1.00000,172.95477,174.89226
208.05382,1.00000,1.00000,357.03233,157.51248,182.29728,200.22632,1.00000,238.58587,100.05484,1.00000,69.98345,1.00000,186.86961,115.91081,151.90129,236.48267,1.00000,330.15366,26.79245
176.93050,1.00000,1.00000,119.62244,399.01224,184.36997,88.01474,1.00000,230.83329,293.25650,1.00000,114.27373,1.00000,232.95431,78.16814,159.86846,150.55549,1.00000,255.58354,128.04735
94.31367,1.00000,1.00000,115.10714,231.79319,363.07034,52.54605,1.00000,158.89596,337.54383,1.00000,72.41658,1.00000,384.86962,119.79105,253.44515,182.73946,1.00000,237.89444,138.66755
208.87248,1.00000,1.00000,359.43703,215.21867,325.19535,119.39710,1.00000,145.55182,288.32513,1.00000,138.74401,1.00000,384.21321,33.17105,212.92013,154.64651,1.00000,300.17542,162.19905
162.30744,1.00000,1.00000,291.76761,219.06755,238.50999,177.83962,1.00000,153.12722,308.99615,1.00000,67.91006,1.00000,186.51570,135.95223,145.06042,155.51349,1.00000,241.58857,126.24987
148.09663,1.00000,1.00000,205.74895,370.79589,404.32062,143.39554,1.00000,202.65690,273.93100,1.00000,116.61443,1.00000,448.06416,148.54992,166.96544,173.85040,1.00000,257.85927,146.24545
104.66614,1.00000,1.00000,303.64992,351.47221,277.04715,126.99182,1.00000,210.03011,390.14392,1.00000,68.99787,1.00000,269.93950,79.23972,152.77468,80.20297,1.00000,203.41173,90.12200
61.89260,1.00000,1.00000,327.73579,412.80602,227.18257,177.82063,1.00000,228.27194,158.00884,1.00000,91.31242,1.00000,244.18936,12.01904,52.64160,294.51771,1.00000,240.27699,81.36036
126.28357,1.00000,1.00000,343.53205,112.60974,214.88163,215.99991,1.00000,133.05039,396.23921,1.00000,123.47035,1.00000,270.78785,61.55836,308.81684,89.68761,1.00000,353.60177,142.76096
143.03347,1.00000,1.00000,268.26785,212.83180,228.88738,163.88321,1.00000,240.72370,215.41248,1.00000,201.68087,1.00000,175.44079,63.80003,211.77050,263.78945,1.00000,237.57464,118.90226
208.01827,1.00000,1.00000,224.53465,294.69340,232.43358,124.43376,1.00000,139.12480,152.84248,1.00000,58.98520,1.00000,386.53730,160.92291,247.18894,306.96297,1.00000,245.65035,109.89261
65.13510,1.00000,1.00000,189.79832,240.17176,414.78069,116.04827,1.00000,228.63990,422.80410,1.00000,81.53362,1.00000,449.45710,86.55127,153.35016,168.44485,1.00000,298.25619,89.58825
128.82694,1.00000,1.00000,302.39745,278.56307,405.71446,129.71127,1.00000,45.02736,340.40286,1.00000,68.52515,1.00000,244.41056,188.31604,318.59204,251.97680,1.00000,192.51155,92.11199
133.93205,1.00000,1.00000,507.01254,269.21951,394.33347,158.69797,1.00000,116.76897,356.25387,1.00000,94.05631,1.00000,258.57119,48.97990,129.26992,262.06619,1.00000,261.22284,115.67072
175.82486,1.00000,1.00000,239.72946,296.76095,336.75745,113.81932,1.00000,299.70421,302.46197,1.00000,132.83186,1.00000,205.18146,167.25509,273.81146,173.68401,1.00000,255.64645,54.65062
138.89577,1.00000,1.00000,226.97855,360.80940,293.52992,137.39066,1.00000,216.02866,361.96941,1.00000,85.31359,1.00000,288.25430,108.18210,111.05574,240.70147,1.00000,296.18858,176.83269
83.13555,1.00000,1.00000,197.56100,284.01327,222.31507,181.62019,1.00000,282.55618,164.34333,1.00000,132.70237,1.00000,230.76025,62.61922,111.41201,221.85194,1.00000,376.91781,121.26362
291.66787,1.00000,1.00000,291.73792,264.81537,291.98118,145.54897,1.00000,156.33821,196.31191,1.00000,127.33569,1.00000,375.91082,156.09346,207.84321,164.43231,1.00000,267.08563,155.27285
102.01269,1.00000,1.00000,243.38142,291.24078,246.23647,128.13363,1.00000,159.02763,338.64142,1.00000,84.55782,1.00000,367.52753,144.50567,251.66127,97.80109,1.00000,288.37794,124.44937
89.80214,1.00000,1.00000,273.07141,133.00831,183.20061,97.41219,1.00000,168.52142,435.50228,1.00000,134.40170,1.00000,368.83363,116.12523,141.91919,232.82168,1.00000,194.42751,154.00340
227.10794,1.00000,1.00000,297.75427,249.55190,244.86361,167.07147,1.00000,164.03251,316.93273,1.00000,125.71236,1.00000,385.80949,70.95677,205.74751,160.28226,1.00000,159.27720,81.14213
144.12550,1.00000,1.00000,300.96723,324.02159,304.83824,143.84858,1.00000,202.45649,249.79727,1.00000,137.81115,1.00000,236.80718,120.42759,233.52941,73.46255,1.00000,389.33816,81.77670
157.10666,1.00000,1.00000,157.22503,138.42955,292.97273,155.20437,1.00000,209.57522,307.35082,1.00000,119.08317,1.00000,178.25557,99.27648,166.81219,220.16052,1.00000,308.19888,100.29847
89.75819,1.00000,1.00000,222.74959,284.49338,163.43290,141.22631,1.00000,294.64981,264.14786,1.00000,116.09806,1.00000,257.59177,79.94421,78.04628,230.76113,1.00000,218.71518,88.96325
92.97693,1.00000,1.00000,237.34931,252.66258,148.86352,170.07307,1.00000,261.41375,427.43968,1.00000,99.34419,1.00000,332.98687,89.07917,204.36567,143.59398,1.00000,282.54347,132.27070
161.54160,1.00000,1.00000,381.34084,330.68603,356.52873,117.08790,1.00000,153.72741,309.25300,1.00000,161.22484,1.00000,199.32585,48.93897,194.08097,223.84284,1.00000,229.38198,73.53937
161.05722,1.00000,1.00000,275.29948,185.19189,292.51666,95.63257,1.00000,203.13835,242.70321,1.00000,81.98546,1.00000,280.60098,172.49578,136.45177,165.50345,1.00000,295.01319,115.36851
169.93059,1.00000,1.00000,269.43230,350.08517,308.33310,104.08003,1.00000,140.74492,331.55811,1.00000,98.64111,1.00000,250.31808,112.04963,182.65549,230.97848,1.00000,321.69306,140.41813
132.47582,1.00000,1.00000,250.88495,145.43650,329.58330,178.12974,1.00000,185.83848,290.35264,1.00000,140.23162,1.00000,274.77132,183.20396,163.01227,237.45676,1.00000,210.51671,124.80484
146.96769,1.00000,1.00000,77.25030,156.11697,335.96021,183.51920,1.00000,241.24833,368.94040,1.00000,156.96428,1.00000,258.30391,57.25028,215.88358,266.29563,1.00000,218.24688,110.35054
133.49083,1.00000,1.00000,262.57582,507.13260,183.39049,89.54590,1.00000,154.87210,174.09453,1.00000,168.14256,1.00000,149.31449,151.12561,180.15190,177.16649,1.00000,163.43045,142.57904
113.36574,1.00000,1.00000,201.67273,97.35308,251.28077,204.04089,1.00000,203.54584,219.99515,1.00000,143.20160,1.00000,338.49350,161.05853,234.51218,253.29439,1.00000,115.46444,160.86410
126.81118,1.00000,1.00000,268.15462,262.76681,216.81955,206.40407,1.00000,194.02209,224.03085,1.00000,63.59189,1.00000,305.54349,25.62217,92.79141,208.61563,1.00000,146.22039,120.05274
104.27726,1.00000,1.00000,322.22199,368.54081,289.67726,97.41976,1.00000,276.90184,360.79946,1.00000,167.98185,1.00000,258.21416,52.84476,161.67529,375.73523,1.00000,370.19408,105.47120
127.31965,1.00000,1.00000,201.19476,262.66840,178.05631,157.14663,1.00000,198.88162,311.84024,1.00000,71.66410,1.00000,362.43409,187.97039,132.43930,53.93793,1.00000,247.89861,108.65613
145.54471,1.00000,1.00000,198.38539,197.00129,219.19703,118.41208,1.00000,177.81146,294.73542,1.00000,70.26214,1.00000,388.04346,159.18449,191.65088,88.77298,1.00000,371.46555,108.39458
142.02046,1.00000,1.00000,321.05444,363.83222,232.69390,130.50128,1.00000,130.57674,393.63894,1.00000,101.06815,1.00000,275.47793,174.17596,182.68923,229.45975,1.00000,195.56521,119.05333
179.95765,1.00000,1.00000,293.71858,322.19845,317.62018,238.24638,1.00000,126.40955,254.22890,1.00000,107.43541,1.00000,359.69145,136.39024,223.88903,253.83337,1.00000,219.92494,70.17253
236.53129,1.00000,1.00000,358.50301,199.90006,258.59048,125.70517,1.00000,187.62583,163.45657,1.00000,52.04810,1.00000,252.44303,108.25610,111.29991,207.21280,1.00000,141.91556,94.03922
180.07332,1.00000,1.00000,256.03861,257.27526,252.83595,114.87896,1.00000,176.92824,273.67384,1.00000,131.34114,1.00000,353.41903,122.38730,197.32571,180.70098,1.00000,155.88094,168.48006
155.56456,1.00000,1.00000,288.25007,251.84021,207.99108,97.81686,1.00000,160.63875,204.23258,1.00000,125.52353,1.00000,176.37990,86.95133,176.90043,103.55010,1.00000,215.90197,124.75277
201.07217,1.00000,1.00000,261.64213,274.99693,256.92389,172.49567,1.00000,203.29648,343.51142,1.00000,69.05282,1.00000,190.48895,129.18531,223.87418,293.65705,1.00000,178.02666,126.86016
173.79546,1.00000,1.00000,228.53018,164.20611,332.77155,179.34695,1.00000,249.04380,292.36639,1.00000,100.91723,1.00000,294.85650,111.42229,180.66358,162.40871,1.00000,166.07734,45.08944
164.76720,1.00000,1.00000,215.11033,223.78733,226.54546,173.80635,1.00000,151.52526,259.29592,1.00000,140.10165,1.00000,290.18381,150.18808,201.64227,76.84732,1.00000,216.81414,129.32551
94.39901,1.00000,1.00000,186.30091,431.49760,228.28151,133.44063,1.00000,132.93351,220.92798,1.00000,72.93014,1.00000,278.95013,135.72035,169.83603,110.42799,1.00000,144.19672,124.70372
169.59800,1.00000,1.00000,217.46257,248.43108,200.66427,85.49405,1.00000,88.03694,332.64713,1.00000,134.35558,1.00000,224.98139,127.61592,171.41138,244.91029,1.00000,441.17599,112.25289
116.04689,1.00000,1.00000,338.76451,352.55499,248.31824,220.32116,1.00000,301.95994,187.55081,1.00000,101.01295,1.00000,255.40022,105.40299,253.32629,158.62496,1.00000,272.23826,103.31076
126.39023,1.00000,1.00000,260.45475,358.95706,309.39677,161.92500,1.00000,239.01127,358.06928,1.00000,122.17679,1.00000,366.19459,153.04789,198.08235,147.73979,1.00000,130.30852,83.96000
211.29023,1.00000,1.00000,220.31684,284.26437,366.48007,146.30287,1.00000,140.67816,417.75732,1.00000,162.85718,1.00000,162.60049,180.17279,195.92912,109.14467,1.00000,251.13628,127.31604
194.28603,1.00000,1.00000,448.04196,457.08389,301.85775,163.68717,1.00000,155.91896,147.58382,1.00000,188.36195,1.00000,354.07718,172.79292,256.39548,216.47548,1.00000,186.89194,99.05645
117.27530,1.00000,1.00000,243.78349,264.15589,242.67533,183.77884,1.00000,212.71623,428.00271,1.00000,75.67236,1.00000,221.42371,104.17952,101.52744,206.31281,1.00000,432.45510,122.61332
112.23121,1.00000,1.00000,319.72386,348.27952,109.17907,165.12602,1.00000,214.21744,288.28670,1.00000,73.43954,1.00000,199.17459,121.28835,260.83865,172.35771,1.00000,227.35148,107.51437
223.01637,1.00000,1.00000,171.82393,195.87202,198.01831,174.57301,1.00000,298.62955,298.71080,1.00000,155.53688,1.00000,299.38645,44.89548,284.03085,223.78881,1.00000,286.52607,95.85101
161.97894,1.00000,1.00000,312.74285,410.52920,447.32314,188.79257,1.00000,270.68726,362.02506,1.00000,95.63954,1.00000,403.20206,107.78120,71.77036,225.24850,1.00000,167.13583,152.22483
142.44192,1.00000,1.00000,157.43754,291.37447,346.07806,131.35838,1.00000,134.75957,322.29112,1.00000,143.94390,1.00000,296.93982,27.10363,193.68478,217.78171,1.00000,179.33413,79.71101
150.03952,1.00000,1.00000,235.45318,251.70245,269.89805,97.50082,1.00000,144.23698,252.64812,1.00000,171.65868,1.00000,284.74520,100.53351,176.63808,203.67343,1.00000,243.35094,93.75777
158.98410,1.00000,1.00000,193.70846,261.38677,287.19414,192.22501,1.00000,212.42270,378.50062,1.00000,102.60797,1.00000,195.94857,182.15934,227.98576,193.26408,1.00000,262.29508,110.45420
159.35217,1.00000,1.00000,259.92523,272.62418,285.95449,132.42727,1.00000,146.71618,465.94265,1.00000,82.82794,1.00000,359.05019,87.29012,219.67244,145.37105,1.00000,392.30492,96.04881
170.71201,1.00000,1.00000,392.13993,326.15446,82.05770,186.11473,1.00000,218.73736,364.74902,1.00000,62.98030,1.00000,361.34696,130.65832,80.75110,239.42701,1.00000,427.64215,143.46760
186.28841,1.00000,1.00000,174.38265,323.91963,401.13518,163.10217,1.00000,244.43760,154.29856,1.00000,110.72096,1.00000,263.93892,85.21657,204.91963,249.10647,1.00000,324.86386,110.96624
73.12961,1.00000,1.00000,157.19400,155.23731,286.75647,248.70543,1.00000,258.21989,201.07465,1.00000,91.18049,1.00000,369.04831,89.90721,217.79427,148.56112,1.00000,192.04334,154.85199
75.62663,1.00000,1.00000,272.39520,442.77991,167.94720,140.52551,1.00000,102.80042,260.53559,1.00000,84.60571,1.00000,124.44814,167.45250,256.05417,253.26529,1.00000,308.25496,111.20021
77.97474,1.00000,1.00000,189.35008,163.65561,136.67854,173.75894,1.00000,182.31708,333.44879,1.00000,120.42523,1.00000,345.01302,116.02308,143.55677,237.88692,1.00000,285.58503,157.51706
135.39311,1.00000,1.00000,204.88920,212.66641,335.90448,118.54402,1.00000,93.70023,273.62221,1.00000,93.93571,1.00000,347.37227,127.09536,299.28179,108.14899,1.00000,227.89988,160.34486
76.39159,1.00000,1.00000,303.83883,188.23308,147.03226,132.54401,1.00000,198.69365,222.20794,1.00000,107.29229,1.00000,282.78585,143.30074,125.80755,217.05218,1.00000,154.67134,101.38374
118.23462,1.00000,1.00000,267.35397,156.17540,302.95345,264.62444,1.00000,174.33641,276.44618,1.00000,102.72421,1.00000,290.27595,144.82646,208.55185,174.77173,1.00000,175.06001,94.14767
109.61080,1.00000,1.00000,324.23745,351.68953,14.47251,128.60941,1.00000,137.22826,164.96783,1.00000,67.31383,1.00000,298.49950,111.02982,211.26426,265.89782,1.00000,181.93282,130.20894
205.33323,1.00000,1.00000,360.56032,249.42077,235.16283,179.12168,1.00000,198.06917,187.00897,1.00000,109.88319,1.00000,318.82079,73.94327,174.81489,240.27866,1.00000,258.90148,112.09473
146.35077,1.00000,1.00000,177.25787,317.50198,476.17606,118.96200,1.00000,125.30024,435.94333,1.00000,72.20864,1.00000,248.02579,131.06404,138.98284,201.19076,1.00000,396.10262,123.85157
146.77238,1.00000,1.00000,181.39299,152.42958,215.57704,109.16598,1.00000,300.89579,202.69188,1.00000,121.66309,1.00000,365.75764,130.19548,158.53757,199.61746,1.00000,140.51768,132.15898
83.59791,1.00000,1.00000,165.95709,330.37202,269.36843,137.08514,1.00000,272.26308,301.40363,1.00000,145.42430,1.00000,270.10776,120.90731,149.34154,242.43036,1.00000,299.82963,87.27734
122.35501,1.00000,1.00000,366.84993,236.27870,159.14287,135.35445,1.00000,314.87198,357.45454,1.00000,88.31503,1.00000,272.97998,163.15590,121.60940,200.33118,1.00000,301.47379,105.63688
74.60289,1.00000,1.00000,212.15759,365.09873,226.22650,145.00540,1.00000,268.61191,155.74940,1.00000,205.24545,1.00000,232.21906,120.94001,114.15480,263.37719,1.00000,376.86846,149.32951
130.74882,1.00000,1.00000,350.01795,361.02021,271.79883,99.93068,1.00000,209.26287,301.99778,1.00000,89.45889,1.00000,333.24462,117.01271,308.38653,179.02910,1.00000,248.23767,115.18619
139.05366,1.00000,1.00000,291.38949,243.91825,141.83319,133.67277,1.00000,251.28729,490.08374,1.00000,106.60362,1.00000,216.01741,205.57429,282.11099,255.69908,1.00000,198.75938,146.35390
214.79277,1.00000,1.00000,307.25627,316.19540,258.00539,173.91585,1.00000,198.49960,227.09133,1.00000,109.40854,1.00000,372.72879,150.29473,308.63788,140.53936,1.00000,121.06388,88.91846
130.40482,1.00000,1.00000,283.25607,175.69895,248.94824,207.39639,1.00000,127.18218,308.98522,1.00000,84.61306,1.00000,228.71091,111.61403,213.95066,262.57812,1.00000,115.34140,120.19288
177.07437,1.00000,1.00000,219.06647,302.06347,269.00499,161.78618,1.00000,188.55405,274.05733,1.00000,110.92383,1.00000,253.80949,181.68197,247.05540,200.94934,1.00000,456.11422,104.19422
117.83752,1.00000,1.00000,162.13602,281.02287,167.63997,145.31663,1.00000,208.35241,339.03118,1.00000,198.63024,1.00000,310.61646,120.89089,138.16453,272.61431,1.00000,154.40338,118.20078
118.28765,1.00000,1.00000,235.88063,357.34876,361.88074,172.10920,1.00000,238.11829,220.86064,1.00000,89.30709,1.00000,276.47657,173.20589,143.52170,123.98713,1.00000,297.64779,81.20012
143.16906,1.00000,1.00000,265.55824,114.52633,200.33526,228.45268,1.00000,224.84364,288.70542,1.00000,97.22489,1.00000,283.78056,168.67686,164.38999,230.86921,1.00000,310.13280,109.66793
139.20795,1.00000,1.00000,314.89163,205.74059,181.30893,139.03626,1.00000,189.28596,423.53223,1.00000,108.19054,1.00000,316.47513,145.02417,131.66571,196.70393,1.00000,241.41227,92.09652
116.37444,1.00000,1.00000,350.86348,220.28790,108.25694,84.34156,1.00000,162.32077,222.02408,1.00000,93.35322,1.00000,166.16948,80.71885,187.69453,107.82422,1.00000,327.09898,117.68777
185.45574,1.00000,1.00000,255.89222,329.93224,346.91261,110.22897,1.00000,182.97213,299.03455,1.00000,118.81762,1.00000,277.92092,134.19083,182.82671,218.95606,1.00000,286.40814,141.27133
131.84529,1.00000,1.00000,301.23462,303.28014,370.59524,152.81870,1.00000,194.06422,146.41080,1.00000,146.00783,1.00000,242.70321,128.08707,198.21173,203.98873,1.00000,325.55355,147.31727
66.03777,1.00000,1.00000,301.64047,230.51000,170.36164,197.05980,1.00000,298.77734,347.26669,1.00000,78.44716,1.00000,327.48581,131.42786,132.70143,125.95524,1.00000,242.11233,163.45686
99.98677,1.00000,1.00000,227.68418,221.74206,182.88013,148.17152,1.00000,229.90997,306.68174,1.00000,91.51912,1.00000,148.77101,69.63137,315.24033,224.41169,1.00000,81.30511,163.60125
118.41188,1.00000,1.00000,287.10588,324.15825,274.71870,135.96417,1.00000,194.45506,231.38817,1.00000,125.90280,1.00000,281.53304,92.13204,320.30227,115.58680,1.00000,137.89246,141.81720
85.05433,1.00000,1.00000,283.73471,332.47460,322.96932,130.10049,1.00000,159.10524,240.38029,1.00000,70.66510,1.00000,332.91080,116.76992,139.70217,239.99416,1.00000,320.03498,62.08677
103.22656,1.00000,1.00000,276.04627,226.20464,241.01205,135.62708,1.00000,347.55848,281.60472,1.00000,146.43215,1.00000,200.49373,165.80147,225.98539,312.15389,1.00000,147.85592,128.50797
248.93580,1.00000,1.00000,462.19607,269.30429,218.94532,177.01411,1.00000,213.62367,231.82674,1.00000,62.98961,1.00000,307.14576,68.72469,180.69345,266.16472,1.00000,303.80353,61.73678
90.00343,1.00000,1.00000,261.91075,280.58533,189.64907,112.35611,1.00000,108.26124,432.35741,1.00000,31.04001,1.00000,409.88429,164.93747,205.23313,186.56427,1.00000,254.20257,144.60165
121.09185,1.00000,1.00000,261.92277,292.21372,340.19294,132.67691,1.00000,201.10506,281.89642,1.00000,67.21140,1.00000,313.45054,131.35454,261.48248,312.27249,1.00000,223.87806,149.68330
243.91004,1.00000,1.00000,436.23576,295.72731,324.49715,177.03410,1.00000,163.88955,256.04876,1.00000,184.13907,1.00000,334.04069,122.07327,332.21393,221.54198,1.00000,342.52878,85.47064
211.06506,1.00000,1.00000,180.32996,190.66107,347.64971,136.25401,1.00000,198.41345,344.00226,1.00000,53.51878,1.00000,391.56448,114.03203,267.51777,184.30054,1.00000,266.94395,105.55524
210.36187,1.00000,1.00000,235.37216,288.56880,370.14348,113.62146,1.00000,212.22332,273.80611,1.00000,103.11334,1.00000,383.42556,139.61311,219.33527,185.62463,1.00000,304.84766,66.04537
159.40019,1.00000,1.00000,304.86704,313.52322,190.17317,171.34668,1.00000,285.20525,345.86136,1.00000,114.41635,1.00000,255.34706,158.73219,145.27309,230.53849,1.00000,310.98557,140.92343
144.33128,1.00000,1.00000,311.18295,293.91821,234.08611,80.58122,1.00000,164.40953,218.23070,1.00000,129.35562,1.00000,349.79261,72.59942,224.55885,245.39170,1.00000,156.80177,104.66023
220.49330,1.00000,1.00000,262.71688,187.83715,235.69327,170.05104,1.00000,273.30160,300.25164,1.00000,69.34181,1.00000,273.08449,141.48262,169.61963,239.96017,1.00000,250.86373,150.58913
125.93523,1.00000,1.00000,130.88086,225.15335,331.18097,127.59111,1.00000,158.55624,322.79161,1.00000,100.38520,1.00000,262.28401,157.73722,154.53083,226.21851,1.00000,185.33680,88.68764
118.82871,1.00000,1.00000,189.22768,360.04703,251.47532,216.03111,1.00000,249.23926,285.56654,1.00000,134.73135,1.00000,316.14557,90.11268,171.32813,179.97351,1.00000,267.96651,109.20458
159.37179,1.00000,1.00000,177.72570,224.12759,246.26106,151.65302,1.00000,139.17799,362.94286,1.00000,149.60270,1.00000,301.50163,68.64892,101.80927,212.95695,1.00000,196.99151,150.21484
163.51265,1.00000,1.00000,429.20743,417.72015,313.91091,185.07130,1.00000,208.75408,299.34309,1.00000,122.05795,1.00000,335.75556,55.26607,289.22292,297.20716,1.00000,227.26951,86.01097
202.94892,1.00000,1.00000,250.26340,265.19265,337.86242,123.89052,1.00000,171.76120,326.04077,1.00000,115.35116,1.00000,258.97248,117.44214,141.27218,168.40636,1.00000,219.78797,85.28187
148.70747,1.00000,1.00000,222.77310,276.33786,237.57955,128.40794,1.00000,244.60781,377.70093,1.00000,134.83258,1.00000,343.36390,154.99303,179.48758,265.69588,1.00000,212.50230,130.04855
125.77653,1.00000,1.00000,305.15168,107.49646,299.31354,66.03288,1.00000,220.19148,181.10139,1.00000,132.48124,1.00000,204.79649,182.69860,168.06392,221.40116,1.00000,192.83741,89.52349
170.09069,1.00000,1.00000,269.16868,319.80365,414.12668,141.23783,1.00000,268.45626,282.41850,1.00000,62.49031,1.00000,193.75340,128.98151,216.27408,116.47066,1.00000,300.45973,107.19764
93.59410,1.00000,1.00000,257.14789,274.91459,309.47349,166.98172,1.00000,195.85620,275.45262,1.00000,139.94782,1.00000,212.35592,113.10194,154.00101,170.87921,1.00000,287.98202,108.51312
93.44786,1.00000,1.00000,85.50800,310.25160,290.96590,103.04419,1.00000,199.92936,199.95668,1.00000,97.48483,1.00000,407.17668,74.48889,231.19054,149.35699,1.00000,346.96534,171.22553
185.77738,1.00000,1.00000,241.52066,341.98601,318.70268,143.06689,1.00000,265.17797,190.73111,1.00000,76.66461,1.00000,359.56086,109.38044,165.64734,217.50751,1.00000,416.84213,146.34352
140.48921,1.00000,1.00000,169.88528,210.82363,319.78513,139.53166,1.00000,248.71085,413.28369,1.00000,144.55351,1.00000,260.60862,54.66405,236.10031,89.85876,1.00000,352.45043,150.18736
93.15665,1.00000,1.00000,274.52591,325.57749,319.42942,154.20239,1.00000,146.78096,180.64430,1.00000,59.28522,1.00000,313.73232,191.19635,69.38770,121.73275,1.00000,201.03588,165.95735
163.55978,1.00000,1.00000,304.72784,323.58347,126.52003,184.72830,1.00000,320.06772,304.28663,1.00000,147.00865,1.00000,305.40072,193.36736,264.09053,260.20721,1.00000,248.19279,44.62443
124.48425,1.00000,1.00000,175.51215,226.34102,317.30395,164.45968,1.00000,169.17077,233.78886,1.00000,128.86168,1.00000,308.36332,149.58877,249.52631,196.17504,1.00000,293.56562,119.76337
157.77397,1.00000,1.00000,155.14574,212.40852,353.63158,41.86663,1.00000,265.83453,131.33523,1.00000,143.82827,1.00000,292.03464,139.29854,158.67403,75.85812,1.00000,372.46650,135.63122
109.42806,1.00000,1.00000,376.81311,301.79855,154.95210,169.12691,1.00000,167.77531,288.71769,1.00000,143.42784,1.00000,399.44219,74.97944,180.34789,221.24877,1.00000,353.36443,87.01542
127.07538,1.00000,1.00000,473.54178,250.56625,290.90549,186.53324,1.00000,204.91516,365.42913,1.00000,110.98395,1.00000,276.71950,126.52288,219.28501,237.90753,1.00000,348.10678,163.64499
174.93871,1.00000,1.00000,269.06970,221.77292,308.15889,131.99510,1.00000,264.60308,278.68394,1.00000,101.30740,1.00000,133.68242,149.98168,385.01317,232.78840,1.00000,196.44855,119.60471
125.69682,1.00000,1.00000,427.77047,474.04630,117.68575,158.56333,1.00000,195.78898,159.40278,1.00000,132.80944,1.00000,227.20920,85.84112,227.75400,77.68958,1.00000,242.40763,103.22208
83.64864,1.00000,1.00000,434.11845,258.01980,503.32633,76.89325,1.00000,219.05876,190.83280,1.00000,152.78865,1.00000,336.26794,136.40206,218.97133,106.81867,1.00000,234.77183,156.87148
90.19209,1.00000,1.00000,254.01774,196.59748,315.88555,145.02293,1.00000,267.75666,225.58128,1.00000,148.47168,1.00000,282.51104,88.41236,261.14600,113.18153,1.00000,281.57905,86.08198
182.95579,1.00000,1.00000,303.24882,276.94463,232.21922,155.73828,1.00000,253.65587,296.44657,1.00000,104.10010,1.00000,353.74201,71.88672,160.99570,167.63532,1.00000,293.82236,149.50573
71.73424,1.00000,1.00000,280.10972,376.64185,293.49146,116.03188,1.00000,221.23088,247.69505,1.00000,61.35387,1.00000,376.96058,76.21146,61.35365,214.44627,1.00000,147.39143,140.71062
191.24515,1.00000,1.00000,290.90925,224.10163,245.05536,105.04609,1.00000,256.54385,435.11157,1.00000,105.80636,1.00000,209.48492,67.47532,153.42466,163.02861,1.00000,236.01998,94.18113
226.16867,1.00000,1.00000,126.06954,256.20951,160.26545,174.98058,1.00000,218.17702,389.59229,1.00000,69.46646,1.00000,143.52396,88.65460,213.95268,223.69863,1.00000,297.27185,159.37686
140.51099,1.00000,1.00000,248.69932,198.80164,262.42541,162.83973,1.00000,192.09994,153.01147,1.00000,149.51685,1.00000,99.12631,77.41805,202.46365,199.12797,1.00000,315.07711,161.68443
91.06649,1.00000,1.00000,224.77142,337.48270,213.43739,215.03549,1.00000,239.07510,311.74574,1.00000,96.81690,1.00000,194.30691,111.81120,173.76413,226.05093,1.00000,221.35755,86.63525
158.05351,1.00000,1.00000,179.31968,233.36881,287.78810,128.11338,1.00000,174.88025,357.59932,1.00000,118.77358,1.00000,284.98916,72.24286,207.39621,73.21584,1.00000,275.46174,105.76531
120.86855,1.00000,1.00000,214.92147,180.05869,189.31834,210.87134,1.00000,329.00440,195.69908,1.00000,1.00000,1.00000,329.51905,177.46073,251.63141,211.92634,1.00000,174.73133,144.15416
146.08391,1.00000,1.00000,86.76235,200.67064,165.73557,160.28332,1.00000,177.73074,265.45540,1.00000,81.29202,1.00000,240.34957,72.50100,287.02040,269.22888,1.00000,281.44786,83.46382
157.69443,1.00000,1.00000,93.40086,228.20261,351.00463,128.07607,1.00000,176.35155,369.49876,1.00000,54.36818,1.00000,282.39947,157.41651,161.37397,222.71219,1.00000,429.39893,111.01662
180.20113,1.00000,1.00000,90.55966,323.40715,317.38932,209.70961,1.00000,204.38017,325.94877,1.00000,102.20855,1.00000,323.19546,111.96205,232.92199,136.60915,1.00000,247.74388,76.87796
162.29825,1.00000,1.00000,391.46552,235.79857,468.22730,76.10924,1.00000,272.78512,366.95133,1.00000,92.25390,1.00000,164.74658,96.57736,111.91566,256.47274,1.00000,338.18341,99.62461
142.48132,1.00000,1.00000,334.48934,177.97762,136.64733,200.53779,1.00000,62.65764,295.25809,1.00000,126.03672,1.00000,329.07294,79.69740,159.63447,268.56056,1.00000,202.61385,94.48255
