(0, 0)
(-483, 74)
(-5, 360)
(-305, -263)
(323, 68)
(79, 109)
(-101, 213)
(-449, 90)
(489, -26)
(269, 406)
(-33, 461)
(73, -256)
(-273, 2)
(191, -366)
(144, -449)
(4, -186)
(287, 435)
(-186, 189)
(-421, 362)
(-409, -148)
(438, -286)
(-90, 380)
(62, -390)
(-421, -417)
(-415, 218)
(-63, 371)
(179, 340)
(436, -28)
(478, 360)
(-8, -455)
(393, 412)
(270, 27)
(40, -187)
(-324, -338)
(-472, 20)
(160, 213)
(-64, -69)
(-49, -106)
(-437, 340)
(122, -235)
(-356, 344)
(-402, -292)
(-147, -420)
(-384, -248)
(-7, 43)
(224, -498)
(-95, -419)
(-122, 487)
(277, 120)
(286, 215)
(24, 242)
(-462, -228)
(-358, -329)
(-257, -14)
(-390, 425)
(10, -127)
(273, -323)
(131, 123)
(122, -381)
(483, 438)
(69, -340)
(-401, -69)
(-241, 1)
(-267, -168)
(432, -303)
(-22, 385)
(103, -486)
(-14, 20)
(-235, 309)
(-350, -493)
(451, 308)
(-333, -94)
(183, 24)
(141, -235)
(-61, -68)
(231, 421)
(14, 403)
(453, -378)
(-446, -415)
(-153, 107)
(-423, -85)
